55393.5  8.79077246824916e+00  4.19182461186051e+01  6.08034480381757e+01  1.71099e-08  1.12466e-08  4.17508e-03 -4.77025e-02 -2.74874e-02 -9.67814e-02
55394.5  8.79077247580544e+00  4.19182461324369e+01  6.08014055276290e+01  1.25205e-08  1.00510e-08  3.69727e-03  3.59692e-03  6.62065e-02 -1.24178e-01
55395.5  8.79077248617114e+00  4.19182461360449e+01  6.08037921581417e+01  1.25970e-08  1.00401e-08  3.79230e-03  7.73364e-03  6.04657e-02 -1.38931e-01
55396.5  8.79077247952909e+00  4.19182461398712e+01  6.08035446526483e+01  1.24502e-08  9.95149e-09  3.83045e-03 -5.66999e-05  7.65521e-02 -1.31477e-01
55397.5  8.79077248814574e+00  4.19182461182055e+01  6.08078459938988e+01  1.29406e-08  9.88748e-09  3.79672e-03 -1.84174e-02  3.25303e-02 -1.20147e-01
55398.5  8.79077248152963e+00  4.19182461306451e+01  6.08053992893547e+01  1.12855e-08  8.92354e-09  3.40189e-03 -1.46102e-02  8.80727e-02 -1.43949e-01
55399.5  8.79077246430685e+00  4.19182461217506e+01  6.08089808812365e+01  1.06665e-08  8.86598e-09  3.28474e-03 -3.07422e-03  7.74472e-02 -1.40789e-01
55400.5  8.79077247805096e+00  4.19182461217644e+01  6.08158623622730e+01  1.20297e-08  9.39347e-09  3.60056e-03  1.23554e-02  6.65145e-02 -1.55661e-01
55401.5  8.79077246954856e+00  4.19182461066125e+01  6.08120888788253e+01  1.27513e-08  1.05607e-08  3.79529e-03 -3.18161e-02  1.08963e-01 -1.21952e-01
55402.5  8.79077248098126e+00  4.19182461345825e+01  6.08126989286393e+01  1.86887e-08  1.57885e-08  5.30311e-03 -1.96137e-01  1.16562e-01 -1.25925e-01
55403.5  8.79077246202224e+00  4.19182461168840e+01  6.08157214038074e+01  1.35161e-08  1.06322e-08  4.08974e-03  7.47910e-02  2.69258e-02 -1.67016e-01
55404.5  8.79077248058673e+00  4.19182461186519e+01  6.08039895184338e+01  9.76834e-09  7.84187e-09  2.93615e-03 -2.28740e-04  2.61469e-02 -1.25613e-01
55405.5  8.79077246445047e+00  4.19182461345881e+01  6.08051565364003e+01  1.04607e-08  8.58368e-09  3.12329e-03  1.45313e-02  6.08188e-02 -1.39033e-01
55406.5  8.79077247871755e+00  4.19182461311175e+01  6.08096496313810e+01  1.10174e-08  9.39895e-09  3.28762e-03 -9.21221e-02  5.95983e-02 -1.24449e-01
55407.5  8.79077252008966e+00  4.19182461238130e+01  6.08008494284004e+01  1.30328e-08  1.06193e-08  3.98524e-03 -6.75816e-02  7.75281e-02 -1.65561e-01
55408.5  8.79077247825846e+00  4.19182461319699e+01  6.08009334336966e+01  1.11924e-08  9.00259e-09  3.37266e-03 -3.36149e-03  7.20290e-02 -1.47678e-01
55409.5  8.79077250086689e+00  4.19182461390079e+01  6.08051975183189e+01  1.13263e-08  9.29285e-09  3.46530e-03 -1.49980e-02  9.26850e-02 -1.91113e-01
55410.5  8.79077248112607e+00  4.19182461305053e+01  6.08049293300137e+01  1.06649e-08  8.80609e-09  3.29289e-03 -1.77819e-02  8.20080e-02 -1.89831e-01
55411.5  8.79077247722224e+00  4.19182461311098e+01  6.08076357441023e+01  1.12708e-08  9.44462e-09  3.55162e-03 -5.39670e-02  1.01170e-01 -1.79706e-01
55412.5  8.79077248049006e+00  4.19182461472559e+01  6.08095739381388e+01  1.08806e-08  8.87042e-09  3.33003e-03 -2.17778e-02  1.01475e-01 -1.79384e-01
55413.5  8.79077246346555e+00  4.19182461344642e+01  6.08008300261572e+01  1.49085e-08  1.22103e-08  4.66625e-03  7.51375e-03  7.95906e-02 -1.57643e-01
55414.5  8.79077249152185e+00  4.19182461411535e+01  6.08027108013630e+01  9.74002e-09  7.87095e-09  2.94792e-03  6.30577e-03  6.26319e-02 -1.26606e-01
55415.5  8.79077247276341e+00  4.19182461306301e+01  6.08054144252092e+01  1.05748e-08  8.63294e-09  3.30071e-03  1.79862e-02  5.67441e-02 -1.47298e-01
55416.5  8.79077248790106e+00  4.19182461339312e+01  6.08063720734790e+01  9.82498e-09  7.92004e-09  2.97839e-03  3.58189e-02  4.30490e-02 -1.41289e-01
55417.5  8.79077247793930e+00  4.19182461318236e+01  6.07982915993780e+01  1.16416e-08  9.06135e-09  3.43159e-03  2.82786e-02  3.79246e-02 -1.84403e-01
55418.5  8.79077248638099e+00  4.19182461433012e+01  6.08006368037313e+01  1.04621e-08  8.36348e-09  3.10235e-03  2.06287e-02  4.86158e-02 -1.25735e-01
55419.5  8.79077250166448e+00  4.19182461402521e+01  6.08081430783495e+01  1.07963e-08  8.75097e-09  3.10985e-03 -4.40080e-02  5.30289e-02 -1.35175e-01
55420.5  8.79077248322150e+00  4.19182461274946e+01  6.08010098803788e+01  1.15686e-08  9.29470e-09  3.37021e-03 -4.20434e-02  3.10027e-02 -1.59077e-01
55421.5  8.79077249756735e+00  4.19182461397019e+01  6.08028103709221e+01  1.20798e-08  9.74586e-09  3.52736e-03 -3.35098e-02  2.66453e-02 -1.57539e-01
55422.5  8.79077247891236e+00  4.19182461476043e+01  6.08042973857373e+01  1.38024e-08  1.07084e-08  3.80771e-03 -8.16181e-02  7.91501e-02 -1.67177e-01
55423.5  8.79077248535717e+00  4.19182461359412e+01  6.08077091816813e+01  1.02636e-08  8.20587e-09  3.02069e-03  4.10771e-02  3.42375e-02 -1.51160e-01
55424.5  8.79077248518528e+00  4.19182461488795e+01  6.08075563702732e+01  1.23952e-08  1.03745e-08  3.62624e-03  6.83586e-03  3.93068e-02 -1.58048e-01
55425.5  8.79077249573142e+00  4.19182461424958e+01  6.08043533181772e+01  1.09772e-08  8.56556e-09  3.07625e-03 -4.42701e-02  6.62433e-02 -1.57629e-01
55426.5  8.79077247301384e+00  4.19182461433194e+01  6.08014071024954e+01  1.12653e-08  9.33225e-09  3.42673e-03  2.83888e-02  5.79412e-02 -1.31951e-01
55427.5  8.79077248878079e+00  4.19182461530172e+01  6.07985120816156e+01  1.21182e-08  9.91044e-09  3.66736e-03  1.80866e-02  3.49614e-02 -1.40536e-01
55428.5  8.79077248364381e+00  4.19182461459735e+01  6.07993297390640e+01  1.29126e-08  1.03015e-08  3.87307e-03  3.01657e-02  3.05238e-02 -1.35254e-01
55429.5  8.79077249235748e+00  4.19182461448306e+01  6.08025802178308e+01  1.14097e-08  9.41636e-09  3.38314e-03  3.59193e-02  3.23899e-02 -1.56102e-01
55430.5  8.79077248740815e+00  4.19182461356925e+01  6.07994222901762e+01  1.20748e-08  9.25953e-09  3.46607e-03 -1.73385e-03  2.37249e-02 -1.50183e-01
55431.5  8.79077247952556e+00  4.19182461268963e+01  6.08079409506172e+01  1.03330e-08  8.17685e-09  2.99942e-03  8.23131e-02 -1.48681e-02 -1.66922e-01
55432.5  8.79077248957814e+00  4.19182461340449e+01  6.08039947450161e+01  1.16961e-08  9.42048e-09  3.25908e-03 -6.15296e-02  2.47650e-02 -1.18720e-01
55433.5  8.79077250759924e+00  4.19182461603968e+01  6.07962596248835e+01  1.07504e-08  9.34690e-09  3.06873e-03 -4.94800e-02 -1.54520e-03 -1.23658e-01
55434.5  8.79077248480872e+00  4.19182461360386e+01  6.07978019434959e+01  1.12325e-08  9.57459e-09  3.30603e-03 -5.06726e-02  2.33921e-02 -1.06288e-01
55435.5  8.79077249617785e+00  4.19182461450032e+01  6.08025400992483e+01  1.15332e-08  9.90436e-09  3.28920e-03 -5.86113e-02 -5.82071e-03 -1.08649e-01
55436.5  8.79077248944610e+00  4.19182461459947e+01  6.08102273205295e+01  1.18126e-08  9.51585e-09  3.52102e-03  4.05755e-02  4.09031e-02 -1.40110e-01
55437.5  8.79077249292000e+00  4.19182461472521e+01  6.08082373701036e+01  1.05357e-08  8.56715e-09  3.07890e-03  8.05544e-03  4.23625e-02 -1.43269e-01
55438.5  8.79077250295190e+00  4.19182461559146e+01  6.08099214630201e+01  1.21932e-08  1.00242e-08  3.71542e-03  2.69040e-02  4.11365e-02 -1.57973e-01
55439.5  8.79077248006189e+00  4.19182461688319e+01  6.08081809049472e+01  1.12802e-08  9.03275e-09  3.41847e-03  4.35028e-02  4.71320e-02 -1.30691e-01
55440.5  8.79077248391569e+00  4.19182461438029e+01  6.08032145574689e+01  1.00483e-08  8.22166e-09  2.88647e-03  6.11802e-02  1.03961e-02 -1.50788e-01
55441.5  8.79077250839527e+00  4.19182461498879e+01  6.08085810076445e+01  9.95435e-09  8.31357e-09  2.92357e-03  2.62024e-02  3.98030e-02 -1.61139e-01
56102.5  8.79077299455307e+00  4.19182464138026e+01  6.08057617722079e+01  1.20194e-08  9.33111e-09  3.37194e-03  9.40866e-02 -7.16385e-02 -1.48970e-01
56103.5  8.79077296471235e+00  4.19182464105229e+01  6.08031640332192e+01  1.17736e-08  9.48696e-09  3.28026e-03  2.59437e-02  1.34340e-02 -1.39581e-01
56104.5  8.79077298119344e+00  4.19182464223056e+01  6.08000674322248e+01  1.15027e-08  8.80694e-09  3.27157e-03  9.32282e-02 -6.09281e-02 -1.71036e-01
56105.5  8.79077295490777e+00  4.19182463897982e+01  6.08098202925175e+01  1.32399e-08  1.01883e-08  3.86260e-03  1.23606e-01 -6.80074e-02 -1.85255e-01
56106.5  8.79077296517123e+00  4.19182464043691e+01  6.07995271505788e+01  1.45637e-08  1.24047e-08  3.87786e-03 -1.69563e-01 -2.55686e-02 -5.18470e-02
56107.5  8.79077297200405e+00  4.19182464040930e+01  6.07995561510324e+01  1.13823e-08  8.74694e-09  3.22207e-03  2.56977e-02  2.73514e-02 -9.27783e-02
56108.5  8.79077297482825e+00  4.19182464143420e+01  6.08021632842720e+01  1.08522e-08  8.36676e-09  3.06270e-03 -1.86070e-02  3.30443e-02 -1.28393e-01
56109.5  8.79077296387033e+00  4.19182464205936e+01  6.07997112078592e+01  1.14921e-08  8.95539e-09  3.30956e-03  1.16717e-02  2.29396e-02 -1.13186e-01
56110.5  8.79077297630413e+00  4.19182463867887e+01  6.08068290967494e+01  1.80357e-08  1.38958e-08  4.55625e-03 -8.56618e-02 -1.81177e-03 -7.98168e-02
56111.5  8.79077296940348e+00  4.19182464142113e+01  6.08041467862204e+01  1.04024e-08  8.30690e-09  3.02359e-03  1.83007e-02  2.03868e-02 -1.23637e-01
56112.5  8.79077296566551e+00  4.19182464142817e+01  6.08008049409837e+01  1.16164e-08  9.43580e-09  3.33753e-03  3.50114e-02  6.60517e-03 -1.76997e-01
56113.5  8.79077298896130e+00  4.19182464155484e+01  6.08020213730633e+01  1.32916e-08  1.03917e-08  3.76393e-03 -2.02958e-02  3.88802e-02 -1.59236e-01
56114.5  8.79077298022644e+00  4.19182464093409e+01  6.08035379108042e+01  1.19955e-08  9.73827e-09  3.58586e-03  1.68064e-02  2.63338e-02 -1.57429e-01
56115.5  8.79077296946283e+00  4.19182464215170e+01  6.08021398056298e+01  1.08953e-08  8.48680e-09  3.07382e-03 -1.38226e-02  4.96467e-02 -1.34067e-01
56116.5  8.79077297884838e+00  4.19182464091689e+01  6.07999418228865e+01  1.14785e-08  9.76275e-09  3.19195e-03 -9.93261e-02  1.62315e-02 -6.79368e-02
56117.5  8.79077296375809e+00  4.19182464167876e+01  6.08058705963194e+01  1.25822e-08  1.07384e-08  3.55281e-03 -1.00952e-01  1.91410e-02 -7.95364e-02
56118.5  8.79077297057233e+00  4.19182464094008e+01  6.07997913742438e+01  1.18503e-08  8.82028e-09  3.11056e-03  2.28403e-02 -1.91789e-02 -1.01966e-01
56119.5  8.79077296419559e+00  4.19182464108500e+01  6.08014884367585e+01  1.26172e-08  9.40494e-09  3.37001e-03  5.50707e-02 -1.84040e-02 -1.25620e-01
56120.5  8.79077295777719e+00  4.19182464181521e+01  6.08020056029782e+01  1.33966e-08  9.78292e-09  3.61246e-03  5.46999e-02 -1.83532e-02 -1.27893e-01
56121.5  8.79077295077301e+00  4.19182464194665e+01  6.08091889554635e+01  1.33712e-08  9.32610e-09  3.46844e-03  1.64741e-01 -1.31316e-01 -1.97207e-01
56122.5  8.79077294815714e+00  4.19182464036353e+01  6.08093683924526e+01  1.25581e-08  9.37659e-09  3.51809e-03  3.83794e-02 -2.41223e-03 -1.31793e-01
56123.5  8.79077300649988e+00  4.19182464416702e+01  6.08046678965911e+01  1.31366e-08  1.01963e-08  3.80260e-03  7.25374e-02 -3.11065e-02 -1.64378e-01
56124.5  8.79077297466194e+00  4.19182464175742e+01  6.08019312648103e+01  1.06246e-08  8.18207e-09  2.92888e-03  2.94804e-02 -8.94948e-03 -8.51170e-02
56125.5  8.79077297157102e+00  4.19182464225670e+01  6.08051514793187e+01  1.18734e-08  8.69711e-09  3.32884e-03  7.13433e-02  4.01074e-03 -1.41770e-01
56126.5  8.79077296702958e+00  4.19182464241690e+01  6.08048218851909e+01  1.23785e-08  9.13923e-09  3.35350e-03  7.23625e-02  1.36544e-02 -1.17693e-01
56127.5  8.79077297878885e+00  4.19182464153419e+01  6.08083790494129e+01  1.20464e-08  8.42957e-09  3.06947e-03 -4.55049e-03 -5.10915e-02 -7.83498e-02
56128.5  8.79077298934050e+00  4.19182464016662e+01  6.08056995337829e+01  1.24494e-08  9.58283e-09  3.53978e-03  9.94252e-02  4.88893e-03 -1.53767e-01
56129.5  8.79077296382576e+00  4.19182464272238e+01  6.08079311167821e+01  1.34257e-08  9.72790e-09  3.65567e-03  9.57779e-04  2.56703e-02 -1.29825e-01
56130.5  8.79077298608857e+00  4.19182464058900e+01  6.08068697825074e+01  1.35155e-08  9.88274e-09  3.69347e-03  7.70122e-02 -8.93985e-04 -1.43105e-01
56131.5  8.79077295743506e+00  4.19182464096763e+01  6.08020999273285e+01  1.29366e-08  9.51762e-09  3.49284e-03  2.45760e-02 -3.13077e-02 -1.06730e-01
56132.5  8.79077297105992e+00  4.19182464168723e+01  6.08062411146238e+01  1.20379e-08  8.80329e-09  3.23389e-03  1.30250e-01 -6.86552e-02 -1.64795e-01
56133.5  8.79077298382746e+00  4.19182464245191e+01  6.08024769779295e+01  1.28740e-08  9.32213e-09  3.38630e-03  6.01387e-02 -1.02696e-02 -1.12690e-01
56134.5  8.79077297768865e+00  4.19182464114286e+01  6.08011166220531e+01  1.45080e-08  1.13851e-08  3.97084e-03 -7.32806e-02  5.09504e-03 -9.07466e-02
56135.5  8.79077297828833e+00  4.19182464101220e+01  6.08026551390067e+01  1.20851e-08  8.58833e-09  3.20696e-03  3.43540e-02 -6.85390e-03 -1.41819e-01
56136.5  8.79077298893798e+00  4.19182464232772e+01  6.08059296486899e+01  1.56925e-08  1.14788e-08  4.48856e-03  7.29656e-02 -3.26228e-03 -1.30848e-01
56137.5  8.79077298954068e+00  4.19182464100129e+01  6.08082180088386e+01  1.26148e-08  9.23378e-09  3.42854e-03  6.12322e-02 -1.16479e-02 -1.13002e-01
56138.5  8.79077300597500e+00  4.19182464116343e+01  6.08052007807419e+01  1.40356e-08  8.59018e-09  3.20197e-03  3.02016e-02 -4.98520e-02 -1.08212e-01
56139.5  8.79077299261457e+00  4.19182464200678e+01  6.07964520035312e+01  1.19769e-08  8.62520e-09  3.08064e-03  3.78317e-02 -2.25886e-02 -9.68352e-02
56140.5  8.79077300101924e+00  4.19182464253877e+01  6.07997178891674e+01  1.13288e-08  8.49867e-09  3.12911e-03  1.34746e-01 -6.60269e-02 -1.53546e-01
56141.5  8.79077297960400e+00  4.19182464104463e+01  6.08042679382488e+01  1.10368e-08  8.09791e-09  2.96984e-03  1.17280e-01 -5.73626e-02 -1.63628e-01
56142.5  8.79077298973635e+00  4.19182464084038e+01  6.08045864999294e+01  1.09954e-08  8.22377e-09  2.91610e-03  1.21135e-01 -7.41455e-02 -1.31542e-01
56143.5  8.79077296992281e+00  4.19182464123205e+01  6.08052652049810e+01  1.17993e-08  8.71074e-09  3.18916e-03  2.38300e-02 -4.23954e-02 -1.14283e-01
56144.5  8.79077300220335e+00  4.19182464158701e+01  6.08086168970913e+01  1.24152e-08  9.12483e-09  3.30458e-03  1.64677e-02 -3.03977e-02 -1.06547e-01
56145.5  8.79077300450512e+00  4.19182464118598e+01  6.08167145745829e+01  1.50479e-08  1.13130e-08  4.24548e-03  1.43935e-01 -9.02762e-02 -1.79815e-01
56146.5  8.79077298789949e+00  4.19182464287012e+01  6.08034344222397e+01  1.66846e-08  1.20636e-08  4.73091e-03  1.01822e-01 -8.25479e-02 -1.93223e-01
56147.5  8.79077299210093e+00  4.19182464242191e+01  6.08131405059248e+01  1.40720e-08  9.90416e-09  3.74386e-03  1.77612e-01 -1.43809e-01 -2.27342e-01
56148.5  8.79077297707710e+00  4.19182464181907e+01  6.08077590018511e+01  1.82640e-08  1.23201e-08  4.67024e-03  1.03349e-01 -3.58256e-02 -1.19167e-01
56155.5  8.79077300917079e+00  4.19182464306990e+01  6.08107978515327e+01  1.85338e-08  1.31603e-08  4.83063e-03  5.42074e-02  4.44871e-02 -1.86119e-01
56164.5  8.79077301588557e+00  4.19182464284473e+01  6.08127863677219e+01  1.30867e-08  9.98519e-09  3.72585e-03  1.34102e-01 -8.31252e-02 -1.78436e-01
56165.5  8.79077301971795e+00  4.19182464426484e+01  6.08134219208732e+01  1.71734e-08  1.31034e-08  4.92851e-03  1.43404e-01 -8.44121e-02 -1.78081e-01
56166.5  8.79077299710762e+00  4.19182464180846e+01  6.08117155916989e+01  1.42014e-08  1.09323e-08  4.02946e-03  1.75153e-01 -8.95338e-02 -1.64339e-01
56167.5  8.79077301954373e+00  4.19182464149273e+01  6.08027841746807e+01  1.27631e-08  1.02144e-08  3.72504e-03  1.08715e-01 -2.70501e-02 -1.59731e-01
56168.5  8.79077300955528e+00  4.19182464203569e+01  6.08056882433593e+01  1.11884e-08  8.91414e-09  3.21882e-03  1.16747e-01 -3.41482e-02 -1.62122e-01
56169.5  8.79077299672397e+00  4.19182464128918e+01  6.08050088360906e+01  1.20089e-08  9.10041e-09  3.26135e-03  8.13757e-02 -4.02274e-02 -1.31493e-01
56170.5  8.79077304024805e+00  4.19182464433602e+01  6.08028110507876e+01  1.75598e-08  1.38535e-08  5.18222e-03  1.74726e-01 -1.00373e-01 -2.09622e-01
56171.5  8.79077299388082e+00  4.19182464209233e+01  6.08116081291810e+01  1.66963e-08  1.23422e-08  4.61508e-03  9.39381e-02 -6.87491e-02 -1.57141e-01
56172.5  8.79077300303856e+00  4.19182464330675e+01  6.08065144708380e+01  1.49940e-08  1.14952e-08  4.35164e-03  7.39740e-02 -3.48177e-02 -1.47699e-01
56173.5  8.79077301542640e+00  4.19182464160751e+01  6.08048370387405e+01  1.33907e-08  1.14911e-08  3.85509e-03 -6.70647e-02 -4.22754e-02 -8.39164e-02
56174.5  8.79077301001762e+00  4.19182464016786e+01  6.08088425397873e+01  1.31385e-08  1.06121e-08  3.51577e-03 -6.02971e-02 -8.68538e-02 -1.21702e-01
56175.5  8.79077300108046e+00  4.19182464201812e+01  6.08032175730914e+01  1.05951e-08  8.46978e-09  2.98611e-03  1.15036e-01 -7.51631e-02 -1.58775e-01
56176.5  8.79077300432327e+00  4.19182464149815e+01  6.08021967038512e+01  1.02249e-08  8.06861e-09  2.99246e-03  7.44783e-02 -5.60863e-02 -1.57472e-01
56177.5  8.79077303857226e+00  4.19182464081416e+01  6.08078649397939e+01  1.27705e-08  9.22510e-09  3.32545e-03  2.05326e-02 -1.82455e-02 -1.69190e-01
56178.5  8.79077301577012e+00  4.19182464192960e+01  6.08095674077049e+01  1.12348e-08  8.52703e-09  3.19603e-03  1.22987e-01 -9.27796e-02 -1.73003e-01
56179.5  8.79077300639080e+00  4.19182464172756e+01  6.08044997435063e+01  1.37146e-08  1.02992e-08  3.85540e-03  7.93122e-02 -7.51102e-02 -1.29868e-01
56180.5  8.79077302050691e+00  4.19182464113076e+01  6.08028721828014e+01  1.22900e-08  9.61224e-09  3.63544e-03  1.10078e-01 -6.00830e-02 -1.63448e-01
56181.5  8.79077302249714e+00  4.19182463985637e+01  6.08075877092779e+01  1.27031e-08  9.92569e-09  3.59049e-03  3.70443e-02 -3.85209e-02 -1.23305e-01
56182.5  8.79077303052327e+00  4.19182464144032e+01  6.08064629193395e+01  1.34042e-08  1.08241e-08  4.08711e-03  6.08441e-02 -3.40570e-02 -2.09623e-01
56183.5  8.79077300606252e+00  4.19182464260856e+01  6.08106958251446e+01  1.28636e-08  1.04822e-08  3.77232e-03  1.04814e-01 -3.01455e-02 -1.54676e-01
56184.5  8.79077301736902e+00  4.19182464202457e+01  6.08066922351718e+01  1.24013e-08  9.95636e-09  3.43242e-03  1.17333e-01 -9.21803e-02 -1.49308e-01
56185.5  8.79077302657351e+00  4.19182464190343e+01  6.08125686058775e+01  1.01969e-08  8.10138e-09  2.94378e-03  9.80356e-02 -4.55371e-02 -1.37550e-01
56186.5  8.79077301879227e+00  4.19182464165830e+01  6.08070398457348e+01  1.10339e-08  8.64466e-09  3.15740e-03  1.00928e-01 -7.01578e-02 -1.47120e-01
56187.5  8.79077301813461e+00  4.19182464182931e+01  6.08100892379880e+01  1.18194e-08  9.34448e-09  3.35939e-03  7.61768e-02 -4.84730e-02 -1.36435e-01
56188.5  8.79077300462457e+00  4.19182464244293e+01  6.08112571500242e+01  1.13318e-08  8.91427e-09  3.20287e-03  7.80580e-02 -6.04309e-02 -1.17313e-01
56189.5  8.79077303777569e+00  4.19182464319606e+01  6.08077695239335e+01  1.35533e-08  1.01623e-08  3.73096e-03  4.09742e-02 -9.66704e-02 -1.28084e-01
56190.5  8.79077301367241e+00  4.19182464144451e+01  6.08043420985341e+01  1.18856e-08  9.03809e-09  3.20829e-03  6.32329e-02 -5.27485e-02 -1.75869e-01
56191.5  8.79077302169823e+00  4.19182464254484e+01  6.08013857016340e+01  1.13170e-08  8.82380e-09  3.18849e-03  1.39127e-01 -9.63512e-02 -1.92620e-01
56192.5  8.79077301842202e+00  4.19182464113019e+01  6.08059422532097e+01  1.07157e-08  8.54690e-09  3.02021e-03  8.92459e-02 -4.88736e-02 -1.37732e-01
56193.5  8.79077302928186e+00  4.19182464353021e+01  6.08074759291485e+01  1.18840e-08  9.71792e-09  3.50777e-03  8.64166e-02 -4.50841e-02 -1.41723e-01
56194.5  8.79077303798966e+00  4.19182464144007e+01  6.08113520173356e+01  1.40921e-08  1.08047e-08  3.97380e-03  1.02622e-01 -6.91131e-02 -1.94023e-01
56195.5  8.79077303603671e+00  4.19182464327358e+01  6.08079504529014e+01  1.34620e-08  1.08239e-08  4.06040e-03  9.65873e-02 -5.71163e-02 -1.63522e-01
56196.5  8.79077303870818e+00  4.19182464286169e+01  6.08074066862464e+01  1.34260e-08  1.04363e-08  3.86053e-03  9.37570e-02 -6.82294e-02 -1.60114e-01
56197.5  8.79077302619357e+00  4.19182464158762e+01  6.08106066277251e+01  1.32031e-08  9.46764e-09  3.34344e-03  4.31615e-02 -6.83985e-02 -1.41409e-01
56198.5  8.79077303888709e+00  4.19182464294175e+01  6.08046702770516e+01  1.07249e-08  8.63936e-09  3.16848e-03  9.36795e-02 -4.42981e-02 -1.26668e-01
56199.5  8.79077302431019e+00  4.19182464058237e+01  6.08035317249596e+01  1.39588e-08  1.06180e-08  3.95817e-03  7.10376e-02 -1.18138e-01 -1.62179e-01
56200.5  8.79077306328817e+00  4.19182464276183e+01  6.08009475730360e+01  1.31088e-08  9.35876e-09  3.36161e-03  3.73490e-02 -8.65877e-02 -1.42061e-01
56201.5  8.79077307315750e+00  4.19182464266419e+01  6.07996465368196e+01  1.56334e-08  1.25348e-08  4.60797e-03  1.55081e-01 -1.08006e-01 -1.98133e-01
56202.5  8.79077304597775e+00  4.19182464317432e+01  6.08009995073080e+01  1.12072e-08  9.11115e-09  3.13173e-03  2.16022e-02 -3.07306e-02 -9.63313e-02
56203.5  8.79077301749046e+00  4.19182464363565e+01  6.08016422232613e+01  1.15485e-08  1.00931e-08  3.15244e-03 -1.06206e-01 -3.53338e-02 -6.45983e-02
56204.5  8.79077303679913e+00  4.19182464364553e+01  6.08033925211057e+01  1.12778e-08  9.80890e-09  3.08529e-03 -1.06418e-01 -2.87258e-02 -6.68008e-02
56205.5  8.79077304716637e+00  4.19182464356247e+01  6.08035839209333e+01  1.13969e-08  9.15728e-09  3.15295e-03  3.47310e-02 -8.26236e-02 -1.42519e-01
56206.5  8.79077303141016e+00  4.19182464183115e+01  6.08047209437937e+01  1.22325e-08  9.03905e-09  3.18612e-03  3.79936e-02 -9.23708e-02 -1.46621e-01
56207.5  8.79077305327996e+00  4.19182464399562e+01  6.08032674351707e+01  1.37705e-08  1.04165e-08  3.74547e-03  7.08725e-02 -4.56848e-02 -1.21285e-01
56208.5  8.79077304347441e+00  4.19182464408836e+01  6.08054562713951e+01  1.08737e-08  8.10964e-09  2.85685e-03  2.24231e-02 -7.59626e-02 -1.37640e-01
56209.5  8.79077304929427e+00  4.19182464312559e+01  6.08042151397094e+01  1.55910e-08  1.15352e-08  4.24878e-03  4.09458e-02 -7.96441e-02 -1.10444e-01
56210.5  8.79077302541643e+00  4.19182464478256e+01  6.08067402821034e+01  1.50722e-08  1.13354e-08  3.85854e-03 -6.68863e-02 -1.25895e-01 -6.92945e-02
56211.5  8.79077304302227e+00  4.19182464459108e+01  6.08034178987145e+01  1.22997e-08  9.98103e-09  3.67165e-03  5.30584e-02 -5.59415e-02 -1.29410e-01
56212.5  8.79077307022307e+00  4.19182464405592e+01  6.08037793878466e+01  1.41438e-08  1.12381e-08  3.96904e-03  8.34213e-02 -6.44277e-02 -1.28240e-01
56213.5  8.79077306756485e+00  4.19182464537196e+01  6.08029847536236e+01  1.33027e-08  9.68219e-09  3.55461e-03  1.36326e-01 -1.13582e-01 -1.88720e-01
56214.5  8.79077307244901e+00  4.19182464396934e+01  6.08097722353414e+01  1.25662e-08  9.90267e-09  3.53873e-03  1.50674e-01 -9.81842e-02 -1.72439e-01
56215.5  8.79077307213019e+00  4.19182464567876e+01  6.07937111714855e+01  1.52977e-08  1.20850e-08  4.42155e-03  1.53643e-01 -8.46945e-02 -1.75576e-01
56216.5  8.79077306636297e+00  4.19182464207555e+01  6.08025021590292e+01  1.09709e-08  8.88426e-09  3.14886e-03  1.01983e-01 -6.16289e-02 -1.39877e-01
56217.5  8.79077305611624e+00  4.19182464467081e+01  6.08010496739298e+01  9.40881e-09  7.63922e-09  2.69720e-03  6.31753e-02 -4.52394e-02 -1.20261e-01
56218.5  8.79077306763399e+00  4.19182464433974e+01  6.08058064058423e+01  1.18230e-08  9.35507e-09  3.32312e-03  8.64358e-02 -5.22065e-02 -1.37142e-01
56219.5  8.79077306922952e+00  4.19182464461502e+01  6.08015876067802e+01  1.39416e-08  1.14253e-08  4.03663e-03  1.15066e-01 -8.65437e-02 -2.05926e-01
56220.5  8.79077306445142e+00  4.19182464476844e+01  6.08074120329693e+01  1.21499e-08  9.77128e-09  3.44464e-03  1.19214e-01 -8.74111e-02 -1.52908e-01
56221.5  8.79077305535512e+00  4.19182464622852e+01  6.08054271060973e+01  1.15940e-08  9.23341e-09  3.25366e-03  1.27073e-01 -1.12011e-01 -1.73032e-01
56222.5  8.79077308935229e+00  4.19182464516347e+01  6.08002564962953e+01  1.16715e-08  9.11524e-09  3.32333e-03  9.05284e-02 -5.09430e-02 -1.57973e-01
56223.5  8.79077302855689e+00  4.19182464615203e+01  6.08017882388085e+01  1.41430e-08  1.04489e-08  3.81126e-03  3.10334e-02 -4.95295e-02 -1.43078e-01
56224.5  8.79077306092688e+00  4.19182464562694e+01  6.08056524731219e+01  1.20518e-08  9.76336e-09  3.52367e-03  6.94257e-02 -1.35694e-02 -1.24170e-01
56225.5  8.79077304693676e+00  4.19182464492909e+01  6.08096812563017e+01  1.13052e-08  9.11522e-09  3.16006e-03  6.41879e-03 -4.20206e-02 -1.66419e-01
56226.5  8.79077309197980e+00  4.19182464401745e+01  6.08035605940968e+01  1.14348e-08  9.22575e-09  3.31945e-03  6.64719e-02 -3.82454e-02 -1.27513e-01
56227.5  8.79077306316190e+00  4.19182464526906e+01  6.08066313453019e+01  1.58493e-08  1.29748e-08  4.92059e-03  6.07844e-02 -8.25470e-02 -2.52236e-01
56228.5  8.79077303774498e+00  4.19182464548099e+01  6.08007059060037e+01  1.50665e-08  1.16541e-08  4.36054e-03  1.16158e-01 -7.48772e-02 -2.03377e-01
56229.5  8.79077305128842e+00  4.19182464485987e+01  6.08056670632213e+01  1.11824e-08  9.51912e-09  3.26733e-03  4.72815e-02 -6.01820e-02 -6.98198e-02
56230.5  8.79077306399958e+00  4.19182464459372e+01  6.08029992785305e+01  1.05237e-08  8.86827e-09  3.19812e-03  2.90711e-02 -4.46593e-02 -1.17979e-01
56231.5  8.79077306358787e+00  4.19182464691515e+01  6.08057297198102e+01  1.56704e-08  1.27932e-08  4.83322e-03  6.28192e-02 -2.89000e-02 -1.47432e-01
56232.5  8.79077307085936e+00  4.19182464497424e+01  6.08045152947307e+01  1.24780e-08  9.71134e-09  3.48241e-03  2.66570e-02 -1.32087e-02 -1.30674e-01
56233.5  8.79077306053100e+00  4.19182464568005e+01  6.08101119277999e+01  1.09182e-08  8.82965e-09  3.09128e-03  2.31735e-02 -5.28400e-03 -1.24609e-01
56234.5  8.79077305980227e+00  4.19182464330319e+01  6.07973161181435e+01  1.11192e-08  9.35878e-09  3.31120e-03  6.26982e-02 -4.76029e-02 -1.31020e-01
56235.5  8.79077303781287e+00  4.19182464535454e+01  6.07997090704739e+01  1.09884e-08  9.29167e-09  3.28729e-03  6.07170e-02 -3.95356e-02 -1.26078e-01
56236.5  8.79077303938918e+00  4.19182464759015e+01  6.07928835479543e+01  1.13183e-08  9.20259e-09  3.30484e-03  3.73080e-02 -2.05570e-02 -1.20849e-01
56237.5  8.79077308964459e+00  4.19182464645725e+01  6.07960042366758e+01  1.15194e-08  9.50888e-09  3.52844e-03  5.10967e-02 -2.72166e-02 -1.40439e-01
56238.5  8.79077304408115e+00  4.19182464566872e+01  6.07930746758357e+01  1.03676e-08  8.50177e-09  2.98898e-03  2.88446e-02 -1.72240e-02 -1.24197e-01
56239.5  8.79077305805588e+00  4.19182464609182e+01  6.07960649160668e+01  1.00722e-08  8.24559e-09  2.97579e-03  4.45086e-02 -3.51022e-02 -1.35421e-01
56240.5  8.79077307340624e+00  4.19182464630373e+01  6.07991969138384e+01  1.01981e-08  8.08250e-09  2.90459e-03  4.95593e-02 -5.95849e-02 -1.55628e-01
56241.5  8.79077307648129e+00  4.19182464719772e+01  6.08018346130848e+01  1.18084e-08  9.35693e-09  3.32789e-03  9.97245e-02 -1.20265e-01 -1.79160e-01
56242.5  8.79077307676999e+00  4.19182464659170e+01  6.07975174095482e+01  1.21870e-08  9.60392e-09  3.60945e-03  8.14642e-02 -7.67249e-02 -1.83506e-01
56243.5  8.79077306606709e+00  4.19182464635635e+01  6.07994368905202e+01  1.47829e-08  1.05331e-08  3.91023e-03  1.75481e-02 -4.92358e-02 -1.59254e-01
56244.5  8.79077305803372e+00  4.19182464714996e+01  6.07995963403955e+01  1.06750e-08  7.40746e-09  2.69589e-03  8.21220e-02 -1.31587e-01 -1.69741e-01
56245.5  8.79077305971726e+00  4.19182464687338e+01  6.07997790938243e+01  8.86632e-09  7.45718e-09  2.56175e-03  5.96635e-02 -4.65314e-02 -1.34110e-01
56246.5  8.79077305204755e+00  4.19182464689502e+01  6.08003831421956e+01  9.14537e-09  7.30717e-09  2.58855e-03  6.06808e-03 -6.33156e-02 -1.17905e-01
56247.5  8.79077306775880e+00  4.19182464580878e+01  6.08031572354957e+01  9.12583e-09  7.46564e-09  2.62110e-03  4.02121e-02 -6.58771e-02 -1.69634e-01
56248.5  8.79077307795074e+00  4.19182464801150e+01  6.08038435885683e+01  1.04919e-08  8.37183e-09  2.88788e-03  4.71233e-02 -5.02249e-02 -1.75905e-01
56249.5  8.79077306699327e+00  4.19182464701375e+01  6.08025470310822e+01  1.14079e-08  8.50112e-09  3.01447e-03  5.48062e-02 -7.82974e-02 -1.76578e-01
56250.5  8.79077306759594e+00  4.19182464645765e+01  6.08018826348707e+01  1.12815e-08  8.58870e-09  3.01146e-03  5.30057e-02 -5.63727e-02 -2.32197e-01
56251.5  8.79077308614997e+00  4.19182464667248e+01  6.07964417962357e+01  1.16394e-08  9.04085e-09  3.31792e-03  5.19269e-02 -1.00280e-01 -1.84888e-01
56252.5  8.79077307368145e+00  4.19182464624537e+01  6.07973443623632e+01  1.05134e-08  8.24468e-09  3.03174e-03  1.06819e-01 -1.06625e-01 -1.79029e-01
56253.5  8.79077305997011e+00  4.19182464727173e+01  6.07937582945451e+01  1.33244e-08  1.02569e-08  3.78008e-03  9.19859e-02 -7.14878e-02 -2.02284e-01
56254.5  8.79077304977059e+00  4.19182464679757e+01  6.07971613788977e+01  1.22492e-08  9.12063e-09  3.27536e-03  1.07270e-01 -5.96127e-02 -2.02019e-01
56255.5  8.79077306419071e+00  4.19182464763458e+01  6.07926844842732e+01  9.61271e-09  7.99239e-09  2.85591e-03  6.50078e-02 -4.62976e-02 -1.61214e-01
56256.5  8.79077305919264e+00  4.19182464731893e+01  6.08011444583535e+01  1.13243e-08  9.04694e-09  3.05707e-03  6.36593e-02 -1.36514e-01 -1.43993e-01
56257.5  8.79077305984559e+00  4.19182464655442e+01  6.08032117569819e+01  1.02667e-08  8.12923e-09  2.76123e-03  1.11581e-01 -9.92746e-02 -1.63773e-01
56258.5  8.79077306092451e+00  4.19182464630491e+01  6.08111411472782e+01  1.10801e-08  8.78965e-09  3.19968e-03  6.14318e-02 -5.82974e-02 -1.55932e-01
56259.5  8.79077307462481e+00  4.19182464790951e+01  6.07987758563831e+01  1.28664e-08  1.06630e-08  3.89272e-03  4.91796e-02 -3.12154e-02 -1.50352e-01
56260.5  8.79077308899529e+00  4.19182464611828e+01  6.08091781958938e+01  1.14873e-08  9.38687e-09  3.40731e-03  5.43049e-02 -8.21654e-02 -1.64916e-01
56261.5  8.79077308108387e+00  4.19182464716149e+01  6.07983512235805e+01  1.27387e-08  1.05335e-08  3.79156e-03 -5.51061e-03 -1.72537e-02 -1.54937e-01
56262.5  8.79077308714404e+00  4.19182464693305e+01  6.08012957246974e+01  1.09438e-08  8.82563e-09  3.21528e-03  4.49941e-02 -2.51417e-02 -1.65221e-01
56263.5  8.79077304979528e+00  4.19182465018517e+01  6.07985026305541e+01  1.08186e-08  8.90086e-09  3.19327e-03  3.65247e-02 -7.26907e-02 -1.26343e-01
56264.5  8.79077307077585e+00  4.19182464619068e+01  6.08007802618667e+01  1.05735e-08  8.58754e-09  3.09724e-03  5.40987e-02 -7.12026e-02 -1.33135e-01
56265.5  8.79077306065218e+00  4.19182464588622e+01  6.07925015687943e+01  1.35438e-08  1.11211e-08  4.10809e-03  1.14193e-01 -7.73171e-02 -1.74041e-01
56266.5  8.79077304258514e+00  4.19182464864806e+01  6.07878854749724e+01  1.65251e-08  1.16216e-08  4.31197e-03 -6.76881e-04 -4.88134e-02 -1.59663e-01
56267.5  8.79077309026067e+00  4.19182464805027e+01  6.08016933780164e+01  1.18379e-08  9.47876e-09  3.47677e-03  6.09290e-02 -4.88485e-02 -1.57458e-01
56268.5  8.79077310133473e+00  4.19182464603919e+01  6.07910368172452e+01  1.22624e-08  1.00328e-08  3.66737e-03  4.38772e-02 -4.47968e-02 -1.67539e-01
56269.5  8.79077306298500e+00  4.19182464854230e+01  6.08004009807482e+01  1.04821e-08  8.51764e-09  3.12352e-03  4.41388e-02 -4.84643e-02 -1.57796e-01
56270.5  8.79077308463235e+00  4.19182464674323e+01  6.07985672829673e+01  1.17147e-08  7.78515e-09  2.80727e-03 -6.53420e-03 -2.28467e-02 -1.36222e-01
56271.5  8.79077307171710e+00  4.19182464927156e+01  6.07964374898002e+01  1.29664e-08  8.46213e-09  3.19695e-03  1.81298e-02 -3.08618e-02 -1.69674e-01
56272.5  8.79077312202842e+00  4.19182464819084e+01  6.07943944334984e+01  1.23266e-08  7.80481e-09  2.77591e-03 -1.42022e-02 -3.32783e-02 -1.32685e-01
56273.5  8.79077312349997e+00  4.19182464756192e+01  6.07961079431698e+01  1.13894e-08  7.45478e-09  2.64469e-03 -3.85784e-02 -1.31831e-02 -1.45553e-01
56274.5  8.79077312499844e+00  4.19182464797341e+01  6.08000060245395e+01  1.00570e-08  8.08554e-09  2.81652e-03  9.64531e-03  6.36339e-03 -1.26796e-01
56275.5  8.79077312312534e+00  4.19182464658062e+01  6.07990597551689e+01  1.04795e-08  8.35240e-09  2.95265e-03  1.13366e-01 -8.20377e-02 -1.78751e-01
56276.5  8.79077308010449e+00  4.19182464684126e+01  6.07985776318237e+01  1.05498e-08  8.43289e-09  3.04275e-03  4.35372e-02 -4.62659e-02 -1.37504e-01
56277.5  8.79077313104674e+00  4.19182464803513e+01  6.07950555086136e+01  9.78436e-09  7.75973e-09  2.73294e-03  3.78056e-02 -5.38028e-02 -1.48490e-01
56278.5  8.79077303615016e+00  4.19182465326762e+01  6.07918933564797e+01  1.26878e-08  1.03863e-08  3.81527e-03  3.25181e-02 -5.95302e-02 -1.38044e-01
56279.5  8.79077312232537e+00  4.19182465130888e+01  6.07921294653788e+01  1.38353e-08  1.09386e-08  4.06920e-03  4.13630e-02 -3.50941e-02 -1.81128e-01
56280.5  8.79077310183110e+00  4.19182464768078e+01  6.07959886267781e+01  9.23557e-09  7.34537e-09  2.68333e-03  3.48403e-02 -3.01137e-02 -1.34172e-01
56281.5  8.79077308826040e+00  4.19182464829922e+01  6.07973216501996e+01  9.62281e-09  7.53684e-09  2.74267e-03  8.65111e-03 -3.71607e-02 -1.20078e-01
56282.5  8.79077312320188e+00  4.19182464728582e+01  6.07949086688459e+01  9.80455e-09  7.76799e-09  2.89279e-03  6.01168e-02 -6.50444e-02 -1.59825e-01
56283.5  8.79077313334611e+00  4.19182464852309e+01  6.07958992291242e+01  9.00315e-09  7.02624e-09  2.54877e-03  4.37537e-02 -4.03011e-02 -1.25430e-01
56284.5  8.79077310848444e+00  4.19182464761402e+01  6.07964985584840e+01  9.64681e-09  7.64085e-09  2.78431e-03  5.66944e-02 -4.54526e-02 -1.23067e-01
56285.5  8.79077310364756e+00  4.19182464877409e+01  6.07951056174934e+01  9.10303e-09  7.34262e-09  2.59801e-03  2.75311e-02 -7.80866e-02 -1.11029e-01
56286.5  8.79077309290303e+00  4.19182464730455e+01  6.07985679190606e+01  8.59580e-09  6.90727e-09  2.47688e-03  5.72778e-02 -4.12154e-02 -1.33357e-01
56287.5  8.79077310015375e+00  4.19182464743415e+01  6.07958755828440e+01  1.07645e-08  8.53024e-09  3.17634e-03  5.83696e-02 -5.55754e-02 -1.55451e-01
56288.5  8.79077307562852e+00  4.19182464888329e+01  6.07911448981613e+01  9.24001e-09  7.39428e-09  2.70466e-03  4.97752e-02 -7.59814e-02 -1.29717e-01
56289.5  8.79077310241376e+00  4.19182464876804e+01  6.07909669438377e+01  9.36748e-09  7.59259e-09  2.73414e-03  5.28280e-02 -4.43685e-02 -1.21589e-01
56290.5  8.79077310470569e+00  4.19182464866323e+01  6.07925373585895e+01  8.96587e-09  7.24004e-09  2.52687e-03  4.43631e-02 -6.14261e-02 -1.20138e-01
56291.5  8.79077310178910e+00  4.19182464855944e+01  6.07963758632541e+01  1.03158e-08  8.18435e-09  2.88280e-03  4.60321e-02 -8.36759e-02 -1.30884e-01
56292.5  8.79077311457008e+00  4.19182464771432e+01  6.07948484551162e+01  1.15203e-08  9.07738e-09  3.05471e-03  3.04250e-02 -6.84834e-02 -1.13048e-01
56293.5  8.79077310540583e+00  4.19182464910241e+01  6.07948072729632e+01  1.18884e-08  9.46440e-09  3.41072e-03  3.98342e-02 -6.53415e-02 -1.54405e-01
56294.5  8.79077311565972e+00  4.19182464839401e+01  6.07938838535920e+01  1.14052e-08  8.98809e-09  3.15613e-03  5.52438e-02 -7.44853e-02 -1.39499e-01
56295.5  8.79077312213567e+00  4.19182464905991e+01  6.07923939479515e+01  1.04793e-08  8.10930e-09  2.78779e-03  5.36356e-02 -8.39702e-02 -1.22727e-01
56296.5  8.79077311971825e+00  4.19182464825766e+01  6.07905469629914e+01  1.06728e-08  8.44229e-09  2.96537e-03  5.53839e-02 -7.79057e-02 -1.19184e-01
56297.5  8.79077309975673e+00  4.19182464829538e+01  6.07963063642383e+01  1.12753e-08  8.58947e-09  3.03814e-03  2.13208e-02 -5.00381e-02 -1.44409e-01
56298.5  8.79077311011044e+00  4.19182464834340e+01  6.07949862396345e+01  8.99809e-09  7.14591e-09  2.55368e-03  7.49362e-02 -1.16729e-01 -1.39780e-01
56299.5  8.79077312528537e+00  4.19182464879527e+01  6.07944416105747e+01  1.09421e-08  8.59850e-09  2.86582e-03  4.52385e-02 -8.21856e-02 -1.00547e-01
56300.5  8.79077310623480e+00  4.19182464848365e+01  6.07938760425895e+01  9.91550e-09  7.81835e-09  2.71945e-03  6.15552e-02 -9.03238e-02 -1.03489e-01
56301.5  8.79077311044929e+00  4.19182464738834e+01  6.07989358529449e+01  1.10377e-08  8.71295e-09  2.98001e-03  6.77823e-02 -8.25618e-02 -1.05614e-01
56302.5  8.79077309154779e+00  4.19182464747760e+01  6.07991197006777e+01  1.22041e-08  8.87672e-09  3.05037e-03  4.98578e-02 -2.17110e-02 -1.46485e-01
56303.5  8.79077303778587e+00  4.19182465229085e+01  6.07914751050994e+01  1.35149e-08  1.05901e-08  3.78946e-03  7.46995e-02 -8.06755e-02 -1.64582e-01
56304.5  8.79077308878465e+00  4.19182464953359e+01  6.08002560203895e+01  1.19345e-08  9.26265e-09  3.26643e-03  2.28434e-02 -5.97142e-02 -1.25854e-01
56305.5  8.79077309765626e+00  4.19182464858714e+01  6.07995094778016e+01  1.29212e-08  1.01396e-08  3.71519e-03  7.09271e-02 -4.88749e-02 -1.48892e-01
56306.5  8.79077309472814e+00  4.19182464835045e+01  6.07948858598247e+01  1.23771e-08  9.35924e-09  3.41867e-03  1.08027e-01 -7.77734e-02 -1.57827e-01
56307.5  8.79077310280236e+00  4.19182464851916e+01  6.07950793411583e+01  1.32314e-08  1.00938e-08  3.63446e-03  9.89530e-02 -6.50473e-02 -1.68301e-01
56308.5  8.79077308062265e+00  4.19182465031454e+01  6.07974519319832e+01  1.37513e-08  1.02742e-08  3.81888e-03  7.07298e-02 -3.69782e-02 -1.43787e-01
56312.5  8.79077307658196e+00  4.19182465027243e+01  6.08021297128871e+01  1.18610e-08  8.87567e-09  3.27922e-03  8.52240e-02 -3.11930e-02 -1.44023e-01
56315.5  8.79077309270319e+00  4.19182465080993e+01  6.08029750650749e+01  1.25901e-08  9.43155e-09  3.54958e-03  8.63332e-02 -3.89695e-02 -1.45376e-01
56317.5  8.79077310957691e+00  4.19182464851317e+01  6.07975365892053e+01  1.11057e-08  8.43370e-09  3.02384e-03  1.30298e-01 -9.32358e-02 -1.88222e-01
56318.5  8.79077308491459e+00  4.19182464879731e+01  6.08022331083193e+01  1.20890e-08  9.04213e-09  3.05885e-03  3.51050e-02 -5.04556e-02 -1.34213e-01
56319.5  8.79077309883359e+00  4.19182464775689e+01  6.07988729979843e+01  1.24826e-08  9.66715e-09  3.26787e-03  1.64450e-02 -1.68248e-02 -1.00170e-01
56320.5  8.79077309523782e+00  4.19182464863774e+01  6.07917006127536e+01  1.12262e-08  8.74303e-09  2.99305e-03  6.28135e-02 -4.08956e-02 -1.26080e-01
56321.5  8.79077310088468e+00  4.19182464894284e+01  6.07979904981330e+01  1.24668e-08  9.91419e-09  3.19296e-03  7.23853e-02 -7.03538e-02 -1.15144e-01
56322.5  8.79077310468412e+00  4.19182464954860e+01  6.07961830915883e+01  1.00935e-08  7.77049e-09  2.62735e-03  3.89686e-02 -1.06526e-01 -1.06528e-01
56323.5  8.79077311315033e+00  4.19182464914349e+01  6.07943572523072e+01  1.16048e-08  8.77256e-09  3.05144e-03  2.85838e-02 -8.81451e-03 -1.24294e-01
56324.5  8.79077311191753e+00  4.19182464735896e+01  6.08001084038988e+01  1.17294e-08  8.83766e-09  3.17859e-03  6.75879e-02 -3.44814e-02 -1.47377e-01
56325.5  8.79077310406165e+00  4.19182464822384e+01  6.08034776384011e+01  1.21968e-08  9.41025e-09  3.44245e-03  3.90683e-02 -2.57361e-02 -1.57493e-01
56326.5  8.79077311123083e+00  4.19182465052280e+01  6.08044187696651e+01  1.09892e-08  8.40595e-09  2.85255e-03  1.09786e-02 -1.40738e-02 -1.20901e-01
56327.5  8.79077311209708e+00  4.19182464873054e+01  6.07976565659046e+01  1.11091e-08  8.66331e-09  2.97325e-03  2.91330e-02 -3.37734e-02 -1.25368e-01
56329.5  8.79077308766356e+00  4.19182464984767e+01  6.07907576430589e+01  1.56508e-08  1.19884e-08  4.19126e-03  1.02711e-01 -9.66797e-02 -1.96235e-01
56330.5  8.79077310546439e+00  4.19182464912390e+01  6.08042230568826e+01  1.06505e-08  8.48585e-09  3.05572e-03  7.25332e-02 -4.93510e-02 -1.64762e-01
56331.5  8.79077313260721e+00  4.19182464984195e+01  6.08042675564066e+01  1.26597e-08  9.35645e-09  3.32470e-03  4.90777e-02 -2.23214e-02 -1.51110e-01
56332.5  8.79077312908269e+00  4.19182464976368e+01  6.07969933291897e+01  1.08849e-08  8.55423e-09  3.04001e-03  8.79165e-02 -5.32675e-02 -1.57613e-01
56333.5  8.79077312075280e+00  4.19182464872130e+01  6.08017734168097e+01  1.15729e-08  9.04427e-09  3.24345e-03  1.10501e-01 -7.84451e-02 -1.82865e-01
56334.5  8.79077314895284e+00  4.19182465040491e+01  6.08017881438136e+01  1.37971e-08  1.07429e-08  3.83694e-03  8.22939e-02 -3.45244e-02 -1.64604e-01
56335.5  8.79077313161016e+00  4.19182464968931e+01  6.07985878260806e+01  1.01831e-08  8.30662e-09  2.88579e-03  1.08843e-02 -1.77235e-02 -1.21347e-01
56336.5  8.79077312177708e+00  4.19182465165858e+01  6.07964164987206e+01  1.28455e-08  1.12583e-08  3.46710e-03 -2.31044e-02 -3.38744e-02 -1.17141e-01
56337.5  8.79077311503017e+00  4.19182465102677e+01  6.07994342623278e+01  1.27140e-08  9.87509e-09  3.42066e-03  4.10164e-02 -6.58195e-02 -1.28471e-01
56338.5  8.79077312716873e+00  4.19182464964997e+01  6.07985688978806e+01  1.52542e-08  1.18161e-08  4.25916e-03  1.78679e-02 -1.84240e-02 -1.35378e-01
56339.5  8.79077312433186e+00  4.19182464866071e+01  6.07971021737903e+01  1.18465e-08  9.30761e-09  3.07569e-03 -1.75639e-02 -5.66472e-03 -7.16156e-02
56340.5  8.79077314295191e+00  4.19182464876195e+01  6.08008321532980e+01  1.21032e-08  9.17542e-09  3.23474e-03  1.12522e-03  3.87502e-03 -1.06249e-01
56341.5  8.79077312700414e+00  4.19182465133742e+01  6.08025656584650e+01  1.29664e-08  1.02196e-08  3.69154e-03  6.70756e-02 -5.19807e-02 -1.03212e-01
56342.5  8.79077313517664e+00  4.19182465078188e+01  6.07998078316450e+01  1.18552e-08  8.87885e-09  3.17720e-03  3.44344e-02 -3.36132e-02 -1.47019e-01
56343.5  8.79077311566633e+00  4.19182465053969e+01  6.08018027031794e+01  1.21515e-08  8.99612e-09  3.14653e-03  3.59980e-02 -1.82807e-03 -1.33378e-01
56344.5  8.79077312386451e+00  4.19182464939789e+01  6.08100779112428e+01  1.26716e-08  9.50910e-09  3.38613e-03 -1.52038e-02  2.63896e-02 -1.57404e-01
56345.5  8.79077313653020e+00  4.19182464890658e+01  6.08072210112587e+01  1.33497e-08  9.94530e-09  3.31482e-03 -3.80111e-02 -2.10796e-02 -9.33580e-02
56346.5  8.79077315193834e+00  4.19182464940496e+01  6.08004172369838e+01  1.34153e-08  1.00020e-08  3.47623e-03 -7.77812e-03  5.42449e-03 -1.38354e-01
56347.5  8.79077312155022e+00  4.19182464997966e+01  6.07959286561236e+01  1.34297e-08  1.02391e-08  3.67118e-03  5.20824e-02 -9.94689e-02 -1.42894e-01
56348.5  8.79077313874922e+00  4.19182464923614e+01  6.07945144064724e+01  1.17174e-08  9.02521e-09  3.19625e-03  2.63332e-02 -3.13469e-02 -1.51127e-01
56349.5  8.79077312559198e+00  4.19182465047154e+01  6.08006019350141e+01  1.18203e-08  8.67546e-09  3.03927e-03 -2.50356e-02 -6.11347e-03 -1.56543e-01
56351.5  8.79077311622776e+00  4.19182465091605e+01  6.08011224577203e+01  1.19416e-08  8.71952e-09  3.07230e-03 -7.66342e-03 -4.78748e-03 -1.44331e-01
56355.5  8.79077312912928e+00  4.19182465096991e+01  6.08042597770691e+01  1.38301e-08  9.99854e-09  3.53280e-03 -1.35820e-02 -7.65245e-03 -1.42337e-01
56356.5  8.79077314748011e+00  4.19182465286082e+01  6.08082605591044e+01  1.41072e-08  1.05843e-08  3.82524e-03  6.43968e-02 -8.09287e-02 -1.75077e-01
56357.5  8.79077313584339e+00  4.19182465001596e+01  6.08016364118084e+01  1.23723e-08  9.35249e-09  3.37080e-03  1.04844e-01 -6.27904e-02 -1.35738e-01
56358.5  8.79077314606977e+00  4.19182464731049e+01  6.08076914129779e+01  6.72678e-08  3.84872e-08  1.33617e-02 -5.57833e-01  9.89656e-02 -1.88606e-01
56359.5  8.79077310169832e+00  4.19182465031770e+01  6.08064674995840e+01  5.46281e-08  4.37836e-08  1.52991e-02 -1.74930e-01 -2.02435e-02 -3.08113e-01
56360.5  8.79077309668252e+00  4.19182464491942e+01  6.08048723973334e+01  4.47155e-08  2.51325e-08  1.06181e-02 -3.40459e-01  2.51669e-01 -2.19679e-01
56361.5  8.79077310098033e+00  4.19182465440912e+01  6.07832546653226e+01  6.71674e-08  3.57103e-08  1.09566e-02 -1.82797e-01  4.17508e-01 -4.47368e-01
56362.5  8.79077312577562e+00  4.19182464935342e+01  6.08045448372141e+01  3.58861e-08  2.57688e-08  8.01239e-03  3.54585e-02  2.88810e-01  4.89213e-02
56363.5  8.79077314878288e+00  4.19182465044731e+01  6.07949333861470e+01  1.47875e-08  1.44797e-08  4.83079e-03  3.34502e-02  3.18927e-02 -1.56232e-01
56364.5  8.79077312504662e+00  4.19182464959635e+01  6.07994565833360e+01  1.18591e-08  8.93511e-09  3.17919e-03  5.72095e-02 -2.28654e-02 -1.39813e-01
56365.5  8.79077314310794e+00  4.19182465034968e+01  6.08032762035728e+01  1.44406e-08  1.08314e-08  3.61635e-03 -3.79544e-02 -1.36959e-02 -8.94668e-02
56366.5  8.79077314794060e+00  4.19182465073355e+01  6.08002313198522e+01  1.16530e-08  8.41583e-09  2.98718e-03 -1.14240e-02 -1.86130e-02 -1.32724e-01
56367.5  8.79077314168189e+00  4.19182465097072e+01  6.07940918114036e+01  1.14527e-08  8.43062e-09  3.04745e-03  4.41599e-02  9.24262e-04 -1.22351e-01
56368.5  8.79077312437487e+00  4.19182465034920e+01  6.08019348327070e+01  1.18423e-08  8.58495e-09  3.15879e-03  4.34536e-02 -1.85655e-02 -1.36187e-01
56369.5  8.79077313806195e+00  4.19182465124571e+01  6.07930739223957e+01  1.33127e-08  9.76956e-09  3.57576e-03  3.18032e-02  1.80532e-03 -1.39211e-01
56370.5  8.79077312687404e+00  4.19182465143651e+01  6.07981035895646e+01  1.12434e-08  8.00937e-09  2.86586e-03  4.59101e-02 -1.02720e-02 -1.23593e-01
56371.5  8.79077313998089e+00  4.19182465214592e+01  6.07923411717638e+01  1.11484e-08  8.06733e-09  2.91889e-03  3.96646e-02 -3.93531e-03 -1.29692e-01
56372.5  8.79077318453034e+00  4.19182465319610e+01  6.07921928605065e+01  1.10338e-08  8.58969e-09  3.15425e-03  2.84207e-02 -2.19319e-02 -1.33554e-01
56373.5  8.79077313352100e+00  4.19182465242570e+01  6.07945854682475e+01  1.16323e-08  8.86012e-09  2.99469e-03 -2.81192e-02 -1.66861e-02 -9.56723e-02
56374.5  8.79077313500579e+00  4.19182465219675e+01  6.07948046140373e+01  1.11327e-08  8.25398e-09  2.92713e-03  5.05671e-02 -1.26886e-02 -9.89419e-02
56375.5  8.79077313494628e+00  4.19182465219662e+01  6.07939925715327e+01  1.25316e-08  9.57555e-09  3.15824e-03 -7.92351e-02 -5.65861e-02 -9.27336e-02
56376.5  8.79077314611028e+00  4.19182465206180e+01  6.07963747894391e+01  1.39187e-08  1.04113e-08  3.32276e-03 -9.42011e-02 -5.71163e-02 -7.03195e-02
56377.5  8.79077315069388e+00  4.19182465127614e+01  6.08005712050945e+01  1.34503e-08  9.72049e-09  3.46166e-03  4.29070e-02  3.60011e-03 -1.36980e-01
56378.5  8.79077313457822e+00  4.19182465214547e+01  6.07974482048303e+01  1.07717e-08  8.17695e-09  2.86279e-03  4.31259e-02 -5.11031e-03 -1.28893e-01
56379.5  8.79077315216179e+00  4.19182465164303e+01  6.07955148061737e+01  1.04920e-08  8.19461e-09  2.87275e-03  8.59826e-03  8.21163e-04 -1.44519e-01
56380.5  8.79077312536796e+00  4.19182465274649e+01  6.07968178950250e+01  1.07398e-08  8.30386e-09  2.93878e-03  2.00302e-02 -2.76458e-02 -1.71960e-01
56381.5  8.79077311146396e+00  4.19182465207503e+01  6.07928921068087e+01  1.16928e-08  8.97900e-09  3.20498e-03 -1.62574e-02  9.63598e-03 -1.46799e-01
56382.5  8.79077313650072e+00  4.19182465420384e+01  6.07867179708555e+01  1.31604e-08  1.05429e-08  3.63534e-03 -2.32881e-03 -1.12226e-02 -1.51641e-01
56383.5  8.79077314800684e+00  4.19182465369582e+01  6.07969720494002e+01  1.30454e-08  9.64814e-09  3.37423e-03  2.24563e-02  1.89233e-02 -1.22907e-01
56384.5  8.79077312415455e+00  4.19182465246588e+01  6.07963569220155e+01  1.28581e-08  9.80779e-09  3.27229e-03  1.51555e-03 -1.71923e-02 -1.74407e-01
56385.5  8.79077315583171e+00  4.19182465286405e+01  6.07965325731784e+01  1.27677e-08  9.60041e-09  3.24502e-03 -5.18706e-02  2.24387e-02 -1.41094e-01
56386.5  8.79077314240728e+00  4.19182465483216e+01  6.07930293614045e+01  1.12829e-08  9.51516e-09  3.30473e-03 -3.73838e-02  2.05260e-02 -1.63615e-01
56387.5  8.79077315682898e+00  4.19182465171518e+01  6.08001229586080e+01  1.28899e-08  9.40085e-09  3.20589e-03 -1.93764e-02  2.72210e-03 -1.58199e-01
56388.5  8.79077313332411e+00  4.19182465136469e+01  6.07937107831240e+01  1.21584e-08  9.14152e-09  2.94063e-03 -6.01865e-02 -1.88414e-02 -1.47477e-01
56389.5  8.79077313276008e+00  4.19182465109147e+01  6.07935203732923e+01  1.55114e-08  1.08296e-08  3.69690e-03 -4.38334e-03 -1.62562e-02 -2.34747e-01
56390.5  8.79077314836614e+00  4.19182465071825e+01  6.07911369977519e+01  1.31892e-08  1.00625e-08  3.55176e-03 -2.91753e-02  5.32180e-03 -2.06345e-01
56391.5  8.79077315131816e+00  4.19182465115448e+01  6.07962807668373e+01  1.16382e-08  9.68084e-09  3.16141e-03  4.70901e-02 -3.52765e-02 -1.55169e-01
56392.5  8.79077316542765e+00  4.19182465224471e+01  6.07945064594969e+01  1.70780e-08  1.27747e-08  4.17646e-03  3.84318e-02  2.30534e-02 -1.84254e-01
56393.5  8.79077315128066e+00  4.19182465270496e+01  6.07959503848106e+01  1.30799e-08  1.03661e-08  3.54137e-03  3.50562e-02  1.95266e-02 -2.03437e-01
56394.5  8.79077315624115e+00  4.19182465340103e+01  6.07985611436889e+01  1.19145e-08  1.00928e-08  3.42407e-03  8.87376e-02 -5.64560e-02 -1.71750e-01
56395.5  8.79077318538501e+00  4.19182465319842e+01  6.07961581395939e+01  1.15253e-08  9.18225e-09  3.12473e-03  4.23355e-02 -1.79084e-02 -1.93099e-01
56396.5  8.79077317577876e+00  4.19182465446763e+01  6.07944965390489e+01  1.30070e-08  9.50197e-09  3.24645e-03  5.23634e-02 -7.78044e-02 -1.99347e-01
56397.5  8.79077316956127e+00  4.19182465378769e+01  6.07946717888117e+01  1.40227e-08  1.05188e-08  3.65354e-03 -5.44491e-02  1.32151e-02 -1.87074e-01
56398.5  8.79077316131197e+00  4.19182465392694e+01  6.07939555291086e+01  1.19200e-08  9.77817e-09  3.37936e-03  1.86376e-02  2.50771e-03 -1.76647e-01
56399.5  8.79077317032262e+00  4.19182465305789e+01  6.07995374575257e+01  1.00299e-08  8.29672e-09  2.77770e-03  2.75356e-02 -4.84285e-03 -1.67666e-01
56400.5  8.79077316774558e+00  4.19182465249421e+01  6.07987260250375e+01  1.25898e-08  9.78972e-09  3.03799e-03 -1.08489e-01 -4.14868e-02 -7.87322e-02
56401.5  8.79077317248930e+00  4.19182465157842e+01  6.07990103373304e+01  1.45954e-08  1.09920e-08  3.85418e-03 -4.68822e-02  2.30266e-03 -2.19929e-01
56402.5  8.79077317694149e+00  4.19182465118774e+01  6.08013134282082e+01  1.35355e-08  1.06807e-08  3.81557e-03  1.86397e-02  5.56476e-02 -1.76149e-01
56403.5  8.79077317914090e+00  4.19182465234179e+01  6.07931482605636e+01  1.18999e-08  9.60590e-09  3.41824e-03  1.64501e-02  6.93208e-03 -1.46213e-01
56404.5  8.79077314961140e+00  4.19182465200841e+01  6.07948111044243e+01  1.13950e-08  9.21940e-09  3.30975e-03  2.09124e-03  1.05178e-02 -1.77003e-01
56405.5  8.79077317604875e+00  4.19182465262336e+01  6.07930080220103e+01  1.20433e-08  9.56407e-09  3.31999e-03 -2.83912e-02  5.77024e-02 -2.01351e-01
56406.5  8.79077316457406e+00  4.19182465343745e+01  6.07974243517965e+01  1.08783e-08  8.64075e-09  3.07196e-03  3.93603e-02  6.61635e-03 -1.72302e-01
56407.5  8.79077317175606e+00  4.19182465449580e+01  6.07954500932246e+01  1.31638e-08  1.06107e-08  3.82417e-03  2.72050e-02  1.57611e-03 -2.06419e-01
56408.5  8.79077314647179e+00  4.19182465214587e+01  6.08071023188531e+01  1.63284e-08  1.27092e-08  4.57935e-03  4.13922e-02 -2.37494e-02 -2.08369e-01
56409.5  8.79077317058579e+00  4.19182465099716e+01  6.07987619312480e+01  1.15883e-08  9.51613e-09  3.20601e-03  5.49883e-02 -1.89425e-02 -1.84680e-01
56410.5  8.79077314042408e+00  4.19182465283064e+01  6.08045520344749e+01  1.45894e-08  1.07079e-08  3.74378e-03 -1.42683e-02 -1.66725e-02 -2.07331e-01
56411.5  8.79077319003204e+00  4.19182465100071e+01  6.07984254350886e+01  1.43065e-08  1.07215e-08  3.79003e-03 -4.72306e-02 -7.56362e-03 -1.84898e-01
56412.5  8.79077315310782e+00  4.19182465267413e+01  6.07957391645759e+01  1.76141e-08  1.38369e-08  4.95585e-03 -3.87135e-02  2.67033e-02 -2.41855e-01
56413.5  8.79077315592633e+00  4.19182465394684e+01  6.07951298151165e+01  1.60671e-08  1.26587e-08  4.62428e-03  7.57653e-03  5.09972e-03 -1.89555e-01
56414.5  8.79077319208123e+00  4.19182465390168e+01  6.07939927885309e+01  1.22827e-08  9.61827e-09  3.44594e-03  2.20357e-02  2.10421e-02 -1.61582e-01
56415.5  8.79077317793461e+00  4.19182465307474e+01  6.07966155363247e+01  1.11002e-08  9.14790e-09  3.27814e-03  6.52430e-03  2.12949e-02 -1.79501e-01
56416.5  8.79077317588174e+00  4.19182465285943e+01  6.07952942810953e+01  1.23135e-08  1.05844e-08  3.78071e-03 -2.06388e-02  4.13688e-02 -1.78160e-01
56417.5  8.79077319202159e+00  4.19182465364686e+01  6.07892987048253e+01  1.19828e-08  1.04135e-08  3.58292e-03 -1.76321e-02  3.30871e-02 -1.85929e-01
56418.5  8.79077316600872e+00  4.19182465305661e+01  6.07951169861481e+01  1.20986e-08  1.03480e-08  3.54751e-03  2.81408e-05  9.15715e-03 -2.02132e-01
56419.5  8.79077318085424e+00  4.19182465433700e+01  6.07940832134336e+01  1.02300e-08  9.07738e-09  3.00309e-03 -2.65157e-03  1.20511e-02 -1.81638e-01
56420.5  8.79077316415131e+00  4.19182465431428e+01  6.07957835113630e+01  1.14590e-08  9.84479e-09  3.24180e-03 -1.81960e-02  6.30197e-03 -1.64784e-01
56421.5  8.79077315674027e+00  4.19182465372921e+01  6.07937427004799e+01  1.14772e-08  1.02330e-08  3.34938e-03 -9.80327e-04  2.49099e-02 -1.79575e-01
56422.5  8.79077314532536e+00  4.19182465360416e+01  6.07985097086057e+01  1.41734e-08  1.11913e-08  3.95432e-03  3.37055e-02 -4.51061e-02 -1.65285e-01
56423.5  8.79077317804350e+00  4.19182465269892e+01  6.07956456067041e+01  1.26181e-08  1.02866e-08  3.50735e-03 -1.74281e-02 -1.31482e-02 -1.47660e-01
56424.5  8.79077320132039e+00  4.19182465137476e+01  6.07992396038026e+01  1.08277e-08  8.62543e-09  2.92049e-03  2.60637e-03 -2.13675e-02 -1.53653e-01
56425.5  8.79077317875940e+00  4.19182465329173e+01  6.08016772242263e+01  1.06856e-08  8.66820e-09  2.99200e-03 -4.41099e-03 -1.91886e-02 -1.36607e-01
56426.5  8.79077317541799e+00  4.19182465301396e+01  6.07978669200093e+01  1.06607e-08  8.70191e-09  3.09927e-03  6.70434e-03  2.59471e-03 -1.87036e-01
56427.5  8.79077317358855e+00  4.19182465406419e+01  6.08029756443575e+01  1.28382e-08  1.08448e-08  3.99969e-03 -2.60251e-02  2.43751e-02 -1.67462e-01
56428.5  8.79077319664879e+00  4.19182465268831e+01  6.07971454476938e+01  1.28126e-08  1.05613e-08  3.78779e-03 -1.36479e-02  3.14089e-03 -1.60751e-01
56429.5  8.79077318887152e+00  4.19182465308789e+01  6.07964732311666e+01  1.22929e-08  1.01017e-08  3.54648e-03 -3.71247e-03  3.25154e-02 -1.82233e-01
56430.5  8.79077318132763e+00  4.19182465406702e+01  6.07956359647214e+01  1.10577e-08  9.31207e-09  3.35035e-03 -2.20861e-02  4.26214e-02 -1.71247e-01
56431.5  8.79077317805662e+00  4.19182465159805e+01  6.07951079076156e+01  1.37634e-08  1.13270e-08  4.02530e-03 -4.78802e-03  2.31018e-02 -1.68859e-01
56432.5  8.79077317804041e+00  4.19182465430530e+01  6.07957627233118e+01  1.18060e-08  9.38014e-09  3.24036e-03 -2.74562e-02  8.32846e-04 -1.93439e-01
56433.5  8.79077316554799e+00  4.19182465383801e+01  6.07964913919568e+01  1.11266e-08  9.48406e-09  3.26551e-03 -1.95189e-02  3.83776e-02 -1.74384e-01
56434.5  8.79077316681368e+00  4.19182465418053e+01  6.07940755309537e+01  1.56478e-08  1.29172e-08  4.80776e-03 -1.26079e-02  2.93351e-02 -1.99506e-01
56435.5  8.79077317630175e+00  4.19182465321811e+01  6.07989512188360e+01  1.23819e-08  9.99156e-09  3.55865e-03 -7.18419e-03 -2.86846e-03 -2.01202e-01
56436.5  8.79077316428683e+00  4.19182465395996e+01  6.07899353625253e+01  1.23403e-08  1.00380e-08  3.63938e-03 -1.10549e-02  2.06270e-02 -1.87246e-01
56437.5  8.79077317823613e+00  4.19182465440494e+01  6.07846106952056e+01  1.23977e-08  1.00189e-08  3.58078e-03 -7.49932e-03  3.24916e-02 -1.67316e-01
56438.5  8.79077318522570e+00  4.19182465338685e+01  6.07991719571874e+01  1.04605e-08  9.00123e-09  3.01106e-03 -4.09328e-03  4.19396e-02 -1.75939e-01
56439.5  8.79077319929007e+00  4.19182465202656e+01  6.07977667553350e+01  1.16034e-08  9.11204e-09  3.04875e-03 -2.78446e-02  3.46939e-02 -1.37850e-01
56440.5  8.79077318546509e+00  4.19182465287921e+01  6.07970497291535e+01  1.12718e-08  9.09371e-09  3.15174e-03 -2.08142e-02  3.33975e-02 -1.54017e-01
56441.5  8.79077319745639e+00  4.19182465210387e+01  6.07974496800452e+01  1.31482e-08  1.03765e-08  3.62984e-03 -8.50520e-04  2.40297e-02 -1.39117e-01
56442.5  8.79077324864356e+00  4.19182465130132e+01  6.07999222818762e+01  1.37549e-08  1.13878e-08  4.00358e-03 -2.06422e-02  4.27216e-02 -1.38980e-01
56443.5  8.79077320537982e+00  4.19182465324833e+01  6.07989795068279e+01  1.35473e-08  1.08721e-08  3.80523e-03  5.17909e-02  2.78589e-02 -1.84889e-01
56444.5  8.79077319271336e+00  4.19182465317731e+01  6.08009942825884e+01  1.34259e-08  9.89326e-09  3.47559e-03  8.96298e-02 -5.00022e-02 -1.90261e-01
56445.5  8.79077320015597e+00  4.19182465463461e+01  6.08024428915232e+01  1.27908e-08  9.87194e-09  3.47391e-03  3.81052e-02 -2.24236e-02 -1.77291e-01
56446.5  8.79077321093578e+00  4.19182465519770e+01  6.07955031665042e+01  1.24799e-08  1.00076e-08  3.34075e-03  4.15475e-02  2.37713e-03 -1.15247e-01
56447.5  8.79077320922076e+00  4.19182465446791e+01  6.07981908684596e+01  1.29657e-08  1.03222e-08  3.27313e-03  4.56705e-02  5.72824e-03 -1.04035e-01
56448.5  8.79077321228345e+00  4.19182465316485e+01  6.07940421691164e+01  1.16616e-08  9.25757e-09  3.27027e-03 -4.81731e-02  4.40969e-02 -1.59362e-01
56449.5  8.79077319861956e+00  4.19182465400069e+01  6.07951663564891e+01  1.07077e-08  8.79381e-09  3.06535e-03 -1.97451e-02  4.00854e-02 -1.31463e-01
56450.5  8.79077321757383e+00  4.19182465475277e+01  6.07954833088443e+01  1.23337e-08  9.87548e-09  3.44019e-03  8.81430e-02  6.80616e-03 -1.74747e-01
56451.5  8.79077321085629e+00  4.19182465563839e+01  6.07969274343923e+01  1.45952e-08  1.14454e-08  4.02082e-03  5.51201e-02 -7.51575e-03 -1.71333e-01
56452.5  8.79077319504134e+00  4.19182465593055e+01  6.08004261087626e+01  1.59605e-08  1.28226e-08  4.53734e-03  6.06799e-02 -5.93349e-03 -2.01741e-01
56453.5  8.79077322318801e+00  4.19182465459633e+01  6.07928311666474e+01  1.37348e-08  1.09151e-08  3.84313e-03  7.99348e-02 -5.98728e-03 -1.77865e-01
56454.5  8.79077322557214e+00  4.19182465491730e+01  6.07978904815391e+01  1.29821e-08  9.74200e-09  3.30033e-03 -7.88413e-02  8.73893e-02 -1.44499e-01
56455.5  8.79077316218764e+00  4.19182465171465e+01  6.07943863794208e+01  1.53911e-08  1.15392e-08  3.84429e-03 -1.10271e-01 -2.36362e-04 -1.33016e-01
56456.5  8.79077321176313e+00  4.19182465319310e+01  6.07932112393901e+01  1.24567e-08  9.24776e-09  3.15667e-03  7.33196e-02 -3.37220e-02 -1.66945e-01
56457.5  8.79077320618711e+00  4.19182465498143e+01  6.08003059541807e+01  1.22932e-08  9.53838e-09  3.40801e-03  9.08612e-02 -3.66896e-02 -1.90899e-01
56458.5  8.79077320975223e+00  4.19182465466224e+01  6.07967167096213e+01  1.15453e-08  9.42203e-09  3.13948e-03 -6.65226e-02  7.51337e-02 -1.14285e-01
56459.5  8.79077322938668e+00  4.19182465346908e+01  6.08003818998113e+01  1.17796e-08  9.47325e-09  3.15598e-03  5.57501e-02  8.18315e-03 -1.42484e-01
56460.5  8.79077320653571e+00  4.19182465361034e+01  6.08000508053228e+01  1.28152e-08  9.88382e-09  3.46577e-03 -4.91952e-02  7.06665e-02 -1.74058e-01
56461.5  8.79077322172885e+00  4.19182465656191e+01  6.08068824997172e+01  1.24144e-08  9.82459e-09  3.54983e-03 -1.97668e-03  4.27562e-02 -1.66356e-01
56462.5  8.79077321241103e+00  4.19182465450126e+01  6.08086377093568e+01  1.15491e-08  1.01788e-08  3.33438e-03 -8.39992e-02  2.03673e-02 -9.49228e-02
56463.5  8.79077321386139e+00  4.19182465465452e+01  6.08029028130695e+01  1.52352e-08  1.18592e-08  4.21231e-03 -9.12478e-02  1.22912e-01 -1.82647e-01
56464.5  8.79077321837238e+00  4.19182465510833e+01  6.07978983428329e+01  1.29677e-08  1.05902e-08  3.54311e-03  6.31284e-02  1.32656e-03 -1.69634e-01
56465.5  8.79077320866069e+00  4.19182465472588e+01  6.08010054035112e+01  1.21212e-08  1.00658e-08  3.21529e-03  5.69998e-02 -1.95017e-02 -1.65695e-01
56466.5  8.79077323970955e+00  4.19182465493889e+01  6.08072947841138e+01  1.51005e-08  1.23379e-08  4.33358e-03 -3.21431e-02  5.85640e-02 -1.59264e-01
56467.5  8.79077322369450e+00  4.19182465384956e+01  6.08064357554540e+01  1.57574e-08  1.27465e-08  4.56327e-03  7.12990e-02  8.62181e-03 -1.68257e-01
56468.5  8.79077319672979e+00  4.19182465353626e+01  6.07996162837371e+01  1.23379e-08  9.57511e-09  3.35889e-03  5.64810e-03  3.34812e-02 -1.61081e-01
56469.5  8.79077324341719e+00  4.19182465481164e+01  6.07921328535303e+01  1.48259e-08  1.02796e-08  3.71493e-03  7.07609e-02  3.32508e-02 -1.68837e-01
56470.5  8.79077319954262e+00  4.19182465499472e+01  6.07964371200651e+01  1.23388e-08  9.59376e-09  3.32887e-03  6.20572e-02  1.42030e-02 -1.56781e-01
56471.5  8.79077321486342e+00  4.19182465537238e+01  6.07956340825185e+01  1.44988e-08  1.08121e-08  3.77738e-03  1.74140e-01 -1.06349e-01 -2.28835e-01
56472.5  8.79077320434592e+00  4.19182465589944e+01  6.07990415869281e+01  1.36882e-08  1.01664e-08  3.57253e-03  5.31077e-03  4.74201e-02 -1.68850e-01
56473.5  8.79077319604428e+00  4.19182465326729e+01  6.08078981069848e+01  1.40753e-08  1.10619e-08  3.71528e-03 -7.34529e-02  3.90570e-02 -1.87804e-01
56474.5  8.79077321716148e+00  4.19182465465421e+01  6.07987202927470e+01  1.46297e-08  1.11915e-08  3.95715e-03 -1.29528e-03  2.44881e-03 -1.67801e-01
56475.5  8.79077321433628e+00  4.19182465601878e+01  6.07942540496588e+01  1.28805e-08  1.00240e-08  3.47780e-03 -5.70367e-03  2.14651e-02 -1.77644e-01
56476.5  8.79077320503819e+00  4.19182465539841e+01  6.08023943454027e+01  1.52956e-08  9.44097e-09  3.39312e-03  5.88969e-02 -6.84248e-02 -1.64011e-01
56477.5  8.79077321413821e+00  4.19182465478598e+01  6.07996463850141e+01  1.29589e-08  1.03218e-08  3.46792e-03  1.04689e-01 -6.57114e-02 -1.71497e-01
56478.5  8.79077321484158e+00  4.19182465528520e+01  6.08004681011662e+01  1.54643e-08  1.17560e-08  4.11350e-03  1.23592e-01 -5.53420e-02 -1.74206e-01
56479.5  8.79077320552373e+00  4.19182465522302e+01  6.07956955628470e+01  1.44258e-08  1.08096e-08  3.91037e-03  5.28976e-02 -1.22182e-02 -1.46663e-01
56480.5  8.79077322766415e+00  4.19182465435567e+01  6.08039688710123e+01  1.39961e-08  1.06273e-08  3.66903e-03  1.22717e-01 -5.27834e-02 -2.00749e-01
56481.5  8.79077318783343e+00  4.19182465501211e+01  6.08001121794805e+01  1.62413e-08  1.27923e-08  4.54534e-03  1.41749e-01 -4.28037e-02 -1.94100e-01
56482.5  8.79077322862728e+00  4.19182465706172e+01  6.08084029797465e+01  1.52780e-08  1.21419e-08  4.29290e-03  2.64151e-02  2.25381e-02 -1.72633e-01
56483.5  8.79077320206118e+00  4.19182465577667e+01  6.07962156198919e+01  1.44143e-08  1.12204e-08  4.06623e-03  1.41185e-01 -6.39474e-02 -1.93484e-01
56484.5  8.79077323048178e+00  4.19182465750675e+01  6.07995177851990e+01  1.46987e-08  1.12415e-08  4.09075e-03  1.00409e-01 -3.98295e-02 -1.76061e-01
56485.5  8.79077321515700e+00  4.19182465645305e+01  6.07954237982631e+01  1.27286e-08  9.74604e-09  3.47857e-03  1.36557e-01 -6.27061e-02 -1.70041e-01
56486.5  8.79077319915544e+00  4.19182465550512e+01  6.07956733908504e+01  1.36565e-08  1.02885e-08  3.82576e-03  4.43695e-02 -2.42670e-03 -1.59110e-01
56487.5  8.79077318309724e+00  4.19182465653140e+01  6.07918292647228e+01  1.90691e-08  1.36804e-08  4.87166e-03 -1.41116e-02  2.89058e-02 -1.58081e-01
56488.5  8.79077319246547e+00  4.19182465412617e+01  6.07997838072479e+01  1.74587e-08  1.41102e-08  5.13937e-03  6.07048e-02  3.18451e-02 -1.63527e-01
56489.5  8.79077318409192e+00  4.19182465424953e+01  6.08083182396367e+01  1.88467e-08  1.43246e-08  5.43015e-03  7.51205e-02 -1.64530e-02 -1.66487e-01
56490.5  8.79077321804406e+00  4.19182465676617e+01  6.07991990204901e+01  1.55225e-08  1.20314e-08  4.31866e-03  1.27518e-01 -4.45481e-02 -1.84339e-01
56491.5  8.79077321059906e+00  4.19182465571709e+01  6.07961421106011e+01  1.49286e-08  1.17190e-08  4.21487e-03  6.07916e-02  2.31345e-02 -1.37564e-01
56492.5  8.79077321076431e+00  4.19182465530398e+01  6.08046470116824e+01  1.63243e-08  1.27784e-08  4.67873e-03  1.10948e-01 -3.40958e-02 -1.75995e-01
56493.5  8.79077321332649e+00  4.19182465460342e+01  6.07971807410941e+01  1.60369e-08  1.16702e-08  3.93265e-03  8.32762e-02 -6.58594e-02 -1.65117e-01
56494.5  8.79077321780064e+00  4.19182465506544e+01  6.08040810059756e+01  1.64794e-08  1.27579e-08  4.82493e-03  1.42669e-01 -5.61289e-02 -2.01285e-01
56495.5  8.79077323017494e+00  4.19182465553561e+01  6.08070184355602e+01  1.47062e-08  1.10494e-08  4.16789e-03  8.50653e-02 -2.06884e-02 -1.49437e-01
56496.5  8.79077322167386e+00  4.19182465607318e+01  6.08003491051495e+01  1.62158e-08  1.19867e-08  4.49565e-03  9.80676e-02 -3.87183e-02 -1.56904e-01
56497.5  8.79077323300953e+00  4.19182465525395e+01  6.07981791030616e+01  1.35911e-08  1.00780e-08  3.68733e-03  6.08977e-02  2.05118e-02 -1.07286e-01
56498.5  8.79077321691521e+00  4.19182465410418e+01  6.08027413925156e+01  1.24129e-08  9.73988e-09  3.49446e-03  5.18850e-02  1.08917e-02 -1.27641e-01
56499.5  8.79077319561686e+00  4.19182465548002e+01  6.07974648736417e+01  1.41797e-08  1.04880e-08  3.82150e-03  9.52145e-02 -2.07313e-02 -1.52453e-01
56500.5  8.79077321719867e+00  4.19182465415056e+01  6.08034659354016e+01  1.20974e-08  9.70708e-09  3.18908e-03  4.66907e-02  1.21169e-02 -1.55320e-01
56501.5  8.79077322630459e+00  4.19182465417266e+01  6.08023553090170e+01  1.17418e-08  8.87374e-09  3.12911e-03  6.39159e-02 -5.35457e-03 -1.49962e-01
56502.5  8.79077328769771e+00  4.19182465468825e+01  6.08054707935080e+01  2.04590e-08  1.52062e-08  5.89319e-03  7.98822e-02  1.66685e-02 -1.67482e-01
56503.5  8.79077320498525e+00  4.19182465652036e+01  6.08027271041647e+01  1.64931e-08  1.21646e-08  4.19085e-03 -1.58311e-02 -4.60068e-02 -1.18291e-01
56504.5  8.79077323365139e+00  4.19182465616866e+01  6.08033166388050e+01  1.12996e-08  8.75647e-09  3.15325e-03  4.55933e-02 -1.01674e-02 -1.40654e-01
56505.5  8.79077322998484e+00  4.19182465522120e+01  6.08048009229824e+01  1.36411e-08  1.03221e-08  3.39205e-03 -3.71087e-02 -4.48180e-02 -8.42840e-02
56506.5  8.79077322339752e+00  4.19182465652170e+01  6.08065670309588e+01  1.29708e-08  1.03168e-08  3.66305e-03  9.18366e-02 -2.49899e-02 -1.51488e-01
56507.5  8.79077321452662e+00  4.19182465586174e+01  6.08080058414489e+01  1.36085e-08  1.06783e-08  3.84027e-03  6.69581e-02 -1.47480e-02 -1.43093e-01
56508.5  8.79077323442193e+00  4.19182465677755e+01  6.08119993973523e+01  1.45886e-08  1.11864e-08  3.98913e-03  1.87587e-02  3.13993e-03 -1.43830e-01
56509.5  8.79077324138271e+00  4.19182465604339e+01  6.07995558893308e+01  1.40217e-08  1.12750e-08  3.93049e-03  1.24936e-01 -2.01392e-02 -1.39772e-01
56510.5  8.79077321259451e+00  4.19182465561629e+01  6.08096194649115e+01  1.39927e-08  1.11772e-08  4.05152e-03  7.16708e-02 -2.29444e-02 -1.31374e-01
56511.5  8.79077322803955e+00  4.19182465600406e+01  6.08052600650117e+01  1.65876e-08  1.21826e-08  4.08363e-03 -1.78566e-02 -6.80740e-02 -1.41030e-01
56512.5  8.79077320242716e+00  4.19182465602199e+01  6.08070067837834e+01  1.85284e-08  1.36593e-08  4.74361e-03 -3.56099e-02 -4.04095e-02 -1.07766e-01
56513.5  8.79077325338735e+00  4.19182465405692e+01  6.08090161522850e+01  2.28465e-08  1.61545e-08  5.80379e-03 -3.56123e-02 -3.26458e-02 -1.13976e-01
56514.5  8.79077325564666e+00  4.19182465635338e+01  6.08058716971427e+01  1.72690e-08  1.15382e-08  4.18827e-03  5.44469e-02 -6.31603e-02 -1.52839e-01
56515.5  8.79077321227765e+00  4.19182465421383e+01  6.08038034262136e+01  1.24566e-08  1.01385e-08  3.48651e-03  7.57457e-02  7.45502e-03 -8.24741e-02
56516.5  8.79077324009625e+00  4.19182465433068e+01  6.08074764357880e+01  1.27583e-08  9.94984e-09  3.54874e-03  5.60650e-02 -4.46281e-02 -1.63431e-01
56517.5  8.79077323446064e+00  4.19182465416067e+01  6.08068850487471e+01  1.24192e-08  9.62397e-09  3.43227e-03  7.21943e-02 -5.85680e-02 -1.28434e-01
56518.5  8.79077322142074e+00  4.19182465337915e+01  6.08095151586458e+01  1.40783e-08  1.11588e-08  4.08864e-03  8.70840e-02 -2.99495e-02 -1.61650e-01
56519.5  8.79077326190159e+00  4.19182465247647e+01  6.08127863053232e+01  1.74451e-08  1.32000e-08  4.82304e-03  5.91071e-02 -4.23581e-02 -1.55007e-01
56520.5  8.79077326341998e+00  4.19182465587047e+01  6.08078572805971e+01  1.24380e-08  9.98825e-09  3.48466e-03  5.58344e-02 -1.37232e-02 -1.72366e-01
56521.5  8.79077327796747e+00  4.19182465522418e+01  6.08052609050646e+01  1.37245e-08  1.03257e-08  3.77660e-03  1.21742e-01 -2.09556e-02 -1.60125e-01
56522.5  8.79077325186623e+00  4.19182465558719e+01  6.08065788177773e+01  1.29615e-08  1.04346e-08  3.53852e-03  7.86299e-02 -5.28058e-02 -1.14780e-01
56523.5  8.79077322775944e+00  4.19182465540621e+01  6.07997310841456e+01  1.43418e-08  1.13706e-08  3.94989e-03  8.14896e-02 -3.84255e-02 -1.67294e-01
56524.5  8.79077323195727e+00  4.19182465482139e+01  6.08140328824520e+01  2.00378e-08  1.59178e-08  6.04946e-03  9.12462e-02 -2.10233e-02 -1.43958e-01
56525.5  8.79077324552938e+00  4.19182465445752e+01  6.08022598456591e+01  1.38179e-08  1.14761e-08  3.75033e-03  5.65060e-02 -9.27099e-02 -1.44814e-01
56526.5  8.79077326818815e+00  4.19182465535177e+01  6.08027019556612e+01  1.19308e-08  9.25199e-09  3.28678e-03  7.57197e-02 -7.20610e-02 -1.31790e-01
56527.5  8.79077327276580e+00  4.19182465475746e+01  6.08067024303600e+01  1.38139e-08  1.06567e-08  3.35091e-03  3.89053e-02 -3.45158e-02 -1.31291e-01
56528.5  8.79077325591334e+00  4.19182465594556e+01  6.08058230280876e+01  1.44820e-08  1.15893e-08  4.02236e-03  8.55098e-02 -1.40131e-02 -1.45348e-01
56529.5  8.79077325684963e+00  4.19182465435682e+01  6.08213460622355e+01  1.83612e-08  1.35636e-08  4.98793e-03  1.14803e-01 -4.47051e-02 -1.86701e-01
56530.5  8.79077326660075e+00  4.19182465609890e+01  6.08042679429054e+01  1.39212e-08  1.10937e-08  3.96960e-03  8.57771e-02 -4.40211e-02 -1.90594e-01
56531.5  8.79077328098543e+00  4.19182465618649e+01  6.08039959799498e+01  1.57300e-08  1.28122e-08  4.59963e-03  8.81192e-02 -3.00167e-02 -1.88993e-01
56532.5  8.79077324194660e+00  4.19182465420073e+01  6.08075173543766e+01  1.21242e-08  9.72285e-09  3.43831e-03  1.03520e-01 -4.43031e-02 -1.34501e-01
56533.5  8.79077326838010e+00  4.19182465600068e+01  6.08055816832930e+01  1.28342e-08  9.97202e-09  3.49191e-03  8.69156e-02 -7.55291e-02 -1.72295e-01
56534.5  8.79077327299687e+00  4.19182465623603e+01  6.07990219602361e+01  1.32797e-08  1.06195e-08  3.73381e-03  7.43442e-02 -2.28206e-02 -2.26577e-01
56535.5  8.79077327353123e+00  4.19182465596825e+01  6.08031765548512e+01  1.62373e-08  1.25584e-08  4.45848e-03  7.72161e-02 -3.85634e-02 -1.50669e-01
56536.5  8.79077325530130e+00  4.19182465604198e+01  6.08067290503532e+01  1.61957e-08  1.19806e-08  3.98681e-03  8.65261e-02 -5.33549e-02 -1.55482e-01
56537.5  8.79077326122101e+00  4.19182465500794e+01  6.08059119489044e+01  1.45855e-08  1.13621e-08  3.97074e-03  8.42588e-02 -2.76093e-02 -1.44697e-01
56538.5  8.79077330311925e+00  4.19182465673808e+01  6.07984102023765e+01  1.34831e-08  1.01675e-08  3.42618e-03  1.01041e-01 -4.09000e-02 -1.48529e-01
56539.5  8.79077326093465e+00  4.19182465518684e+01  6.08074128124863e+01  1.21064e-08  9.59347e-09  3.25205e-03  8.41933e-02 -5.50434e-02 -2.00168e-01
56540.5  8.79077328526501e+00  4.19182465552208e+01  6.08092534774914e+01  1.65310e-08  1.34820e-08  4.77577e-03  1.06233e-01 -4.46596e-02 -1.92449e-01
56541.5  8.79077326255859e+00  4.19182465497457e+01  6.08120200224221e+01  1.33469e-08  1.09153e-08  3.70584e-03  6.43466e-02 -3.39837e-02 -1.49659e-01
56542.5  8.79077326867320e+00  4.19182465703774e+01  6.08019908508286e+01  1.65268e-08  1.25778e-08  4.02753e-03  9.37625e-02 -5.03686e-02 -1.48425e-01
56543.5  8.79077328964506e+00  4.19182465694211e+01  6.08065163530409e+01  1.32035e-08  1.03515e-08  3.65723e-03  1.08327e-01 -6.24758e-02 -1.53594e-01
56544.5  8.79077326771649e+00  4.19182465386985e+01  6.08081533247605e+01  1.60055e-08  1.26696e-08  4.53847e-03  1.05556e-01 -9.68102e-02 -1.82630e-01
56545.5  8.79077327429150e+00  4.19182465632338e+01  6.08055819189176e+01  1.56223e-08  1.24251e-08  4.27106e-03  7.73396e-02 -4.24939e-02 -1.60306e-01
56546.5  8.79077328025110e+00  4.19182465497489e+01  6.07993350690231e+01  1.62385e-08  1.27042e-08  4.50689e-03  7.99062e-02 -6.33598e-02 -1.71966e-01
56547.5  8.79077327677387e+00  4.19182465673686e+01  6.08004690427333e+01  1.35928e-08  1.10482e-08  3.88859e-03  1.27417e-01 -8.92251e-02 -1.40915e-01
56548.5  8.79077328028722e+00  4.19182465766785e+01  6.08064136663452e+01  1.24904e-08  1.01809e-08  3.49101e-03  7.21671e-02 -5.02714e-02 -1.75294e-01
56549.5  8.79077328258846e+00  4.19182465461659e+01  6.08013149173930e+01  1.42626e-08  1.12637e-08  3.87818e-03  6.10977e-02 -9.48986e-02 -1.50083e-01
56550.5  8.79077329656874e+00  4.19182465637199e+01  6.08022019043565e+01  1.45490e-08  1.16354e-08  4.09569e-03  5.98697e-02 -4.84223e-02 -1.43990e-01
56551.5  8.79077327448049e+00  4.19182465574119e+01  6.08019458968192e+01  1.29087e-08  1.05028e-08  3.63664e-03  1.07450e-01 -6.78053e-02 -1.61731e-01
56552.5  8.79077325659514e+00  4.19182465648216e+01  6.08058318793774e+01  1.81136e-08  1.35118e-08  4.40499e-03  1.56265e-02 -1.21120e-01 -1.54785e-01
56553.5  8.79077330155730e+00  4.19182465362886e+01  6.08104117820039e+01  1.30457e-08  1.04465e-08  3.63472e-03  6.20859e-02 -6.59225e-02 -1.36399e-01
56554.5  8.79077326203698e+00  4.19182465724793e+01  6.08021688386798e+01  1.50530e-08  1.12341e-08  3.88066e-03  8.49852e-02 -5.57585e-02 -1.32407e-01
56555.5  8.79077328298132e+00  4.19182465632171e+01  6.08028286704794e+01  1.23648e-08  9.92380e-09  3.33460e-03  7.07039e-02 -6.00587e-02 -1.17156e-01
56556.5  8.79077326514366e+00  4.19182465733379e+01  6.08006237912923e+01  1.44104e-08  1.13836e-08  3.95263e-03  3.55614e-02 -8.90465e-02 -1.50656e-01
56557.5  8.79077327952596e+00  4.19182465744720e+01  6.08037054575980e+01  1.38521e-08  1.13421e-08  3.74904e-03  1.26608e-01 -1.12142e-01 -1.52217e-01
56558.5  8.79077326676616e+00  4.19182465626216e+01  6.08029011646286e+01  1.30071e-08  1.00301e-08  3.49929e-03  1.44534e-01 -1.60914e-01 -1.85725e-01
56559.5  8.79077327128489e+00  4.19182465666627e+01  6.07978662131354e+01  1.36242e-08  1.09261e-08  3.52721e-03  1.17223e-01 -1.42190e-01 -1.49634e-01
56560.5  8.79077327479207e+00  4.19182465656398e+01  6.07998044779524e+01  1.19463e-08  9.85828e-09  3.48343e-03  1.11140e-01 -8.80952e-02 -1.42264e-01
56561.5  8.79077328385580e+00  4.19182465667986e+01  6.08029276784509e+01  1.10110e-08  8.83379e-09  3.01769e-03  1.19146e-01 -1.43772e-01 -1.73200e-01
56562.5  8.79077328582900e+00  4.19182465546996e+01  6.08051489228383e+01  1.10065e-08  8.94068e-09  3.07273e-03  1.46486e-01 -1.01374e-01 -1.70806e-01
56563.5  8.79077329520439e+00  4.19182465446196e+01  6.08019024021924e+01  1.23271e-08  1.01194e-08  3.23859e-03  6.23129e-02 -2.57533e-02 -1.23985e-01
56564.5  8.79077328370715e+00  4.19182465528624e+01  6.08029732964933e+01  2.11778e-08  1.78641e-08  6.21719e-03 -2.74218e-02 -4.64846e-02 -2.07652e-01
56565.5  8.79077332776574e+00  4.19182465769874e+01  6.08059986187145e+01  1.46649e-08  1.22167e-08  4.33313e-03  1.21084e-01 -7.83720e-02 -1.68380e-01
56566.5  8.79077328908467e+00  4.19182465668659e+01  6.08068358357996e+01  1.26527e-08  1.01063e-08  3.49823e-03  1.01642e-01 -7.76586e-02 -1.56525e-01
56567.5  8.79077329373088e+00  4.19182465752721e+01  6.08020971296355e+01  1.21849e-08  9.95765e-09  3.44175e-03  1.16875e-01 -9.05218e-02 -1.59921e-01
56568.5  8.79077329980720e+00  4.19182465755701e+01  6.07997384686023e+01  1.37659e-08  1.07758e-08  3.54826e-03  1.66582e-02 -7.64450e-02 -1.06600e-01
56569.5  8.79077327853803e+00  4.19182465809767e+01  6.07975421492010e+01  1.43250e-08  1.13307e-08  3.76308e-03  4.08330e-02 -1.32410e-01 -1.38555e-01
56570.5  8.79077329807158e+00  4.19182465840251e+01  6.07938318829983e+01  1.69235e-08  1.38032e-08  4.81086e-03  9.88816e-02 -8.64675e-02 -2.15231e-01
56571.5  8.79077329665236e+00  4.19182465661596e+01  6.07927545616403e+01  1.36282e-08  1.07770e-08  3.66308e-03  6.83197e-02 -1.20239e-01 -1.75712e-01
56572.5  8.79077327319843e+00  4.19182465796834e+01  6.07916654255241e+01  1.42113e-08  1.15160e-08  3.99441e-03  1.03500e-01 -9.21432e-02 -1.60418e-01
56573.5  8.79077329357257e+00  4.19182465740309e+01  6.07997576389462e+01  1.38144e-08  1.15490e-08  3.98934e-03  5.27321e-02 -4.88811e-02 -1.62210e-01
56574.5  8.79077331083808e+00  4.19182465784344e+01  6.08010368710384e+01  1.18640e-08  9.55477e-09  3.35741e-03  9.37513e-02 -7.53059e-02 -1.68491e-01
56575.5  8.79077329338443e+00  4.19182465668495e+01  6.08053780514747e+01  1.27708e-08  1.06023e-08  3.73044e-03  7.37092e-02 -3.98840e-02 -1.49760e-01
56576.5  8.79077331165860e+00  4.19182465837729e+01  6.07974342526868e+01  1.31951e-08  1.02923e-08  3.64747e-03  1.22879e-01 -1.14369e-01 -1.96438e-01
56577.5  8.79077331030637e+00  4.19182465847889e+01  6.08013617955148e+01  1.39380e-08  9.58763e-09  3.34454e-03  5.38142e-02 -1.25179e-01 -1.45677e-01
56578.5  8.79077330967542e+00  4.19182465788258e+01  6.08069743188098e+01  1.29361e-08  9.52948e-09  3.29830e-03  6.85913e-03 -6.53921e-02 -1.50659e-01
56579.5  8.79077328983036e+00  4.19182465940447e+01  6.08008776884526e+01  1.39274e-08  1.14154e-08  4.19658e-03  7.41288e-02 -1.71574e-02 -1.54289e-01
56580.5  8.79077325713258e+00  4.19182465682423e+01  6.08032078268006e+01  1.75508e-08  1.48265e-08  5.22753e-03  1.62092e-02 -4.88470e-02 -1.88404e-01
56581.5  8.79077329398036e+00  4.19182466052586e+01  6.08099026083946e+01  1.39246e-08  1.14703e-08  4.01333e-03  2.07978e-02 -2.84911e-02 -1.87760e-01
56582.5  8.79077329907093e+00  4.19182465974496e+01  6.08014565454796e+01  1.18981e-08  9.98209e-09  3.25082e-03  3.46169e-03 -3.30744e-02 -1.53063e-01
56583.5  8.79077328561401e+00  4.19182465666950e+01  6.08077599387616e+01  1.44509e-08  1.17010e-08  3.54169e-03 -1.14516e-01 -8.86088e-02 -4.29564e-02
56584.5  8.79077330344847e+00  4.19182465971897e+01  6.08011897206306e+01  1.29722e-08  1.01908e-08  3.48093e-03  2.47590e-02 -5.97374e-02 -1.43053e-01
56585.5  8.79077329791597e+00  4.19182466005213e+01  6.08064875630662e+01  1.19673e-08  1.00911e-08  3.25929e-03  1.15668e-02 -3.77915e-02 -1.17242e-01
56586.5  8.79077329191881e+00  4.19182466052035e+01  6.08050038218498e+01  1.35285e-08  1.11524e-08  3.89398e-03  5.74931e-02 -4.91632e-02 -1.56847e-01
56587.5  8.79077330858595e+00  4.19182465931912e+01  6.08039628351107e+01  1.09148e-08  9.15175e-09  3.12016e-03  4.85556e-02 -3.45931e-02 -1.14009e-01
56588.5  8.79077332880819e+00  4.19182466023308e+01  6.08002346772701e+01  1.33376e-08  1.07148e-08  3.75055e-03  5.30901e-02 -5.46867e-02 -1.45116e-01
56589.5  8.79077331253217e+00  4.19182466141405e+01  6.07928963955492e+01  1.41342e-08  1.16332e-08  4.24380e-03  5.34246e-02 -1.95648e-02 -1.20829e-01
56590.5  8.79077332606145e+00  4.19182465982880e+01  6.08009124398232e+01  1.19439e-08  9.99702e-09  3.37823e-03  5.65152e-03 -4.72315e-02 -7.66811e-02
56591.5  8.79077332803534e+00  4.19182465910903e+01  6.07963656149805e+01  1.00840e-08  8.23437e-09  2.82061e-03  5.03855e-02 -5.55532e-02 -1.19497e-01
56592.5  8.79077329161897e+00  4.19182465825164e+01  6.08013149974868e+01  1.21281e-08  9.87360e-09  3.42405e-03  2.33552e-02 -8.25797e-03 -1.39867e-01
56593.5  8.79077330868384e+00  4.19182466004239e+01  6.08027364220470e+01  1.23529e-08  1.02378e-08  3.33731e-03  4.16076e-03 -5.54278e-02 -1.06842e-01
56594.5  8.79077329707763e+00  4.19182465922984e+01  6.08005474340171e+01  1.22252e-08  9.96137e-09  3.34224e-03  4.55160e-02 -1.68530e-03 -1.15845e-01
56595.5  8.79077331174040e+00  4.19182466022894e+01  6.07999879224226e+01  1.21969e-08  1.00953e-08  3.55380e-03  3.58167e-02 -5.54275e-03 -1.35228e-01
56596.5  8.79077331696251e+00  4.19182466225039e+01  6.07958042696118e+01  1.26784e-08  1.04883e-08  3.65628e-03  3.02583e-02 -1.22198e-02 -1.36952e-01
56597.5  8.79077331653912e+00  4.19182466176758e+01  6.07978649074212e+01  1.42016e-08  1.14874e-08  4.07881e-03  2.99012e-02 -1.50882e-02 -1.56733e-01
56598.5  8.79077331998437e+00  4.19182466002649e+01  6.07991767441854e+01  1.26607e-08  1.04702e-08  3.74943e-03  4.36514e-02 -4.50799e-02 -1.69671e-01
56599.5  8.79077332074432e+00  4.19182465894329e+01  6.07996347239241e+01  1.45945e-08  1.19396e-08  4.19272e-03  9.40169e-02 -6.26677e-02 -1.97463e-01
56600.5  8.79077332226804e+00  4.19182465929210e+01  6.08078382536769e+01  1.31662e-08  1.07595e-08  3.86396e-03  2.68670e-02 -5.84359e-03 -1.59879e-01
56601.5  8.79077333415161e+00  4.19182466134120e+01  6.08038454279304e+01  1.37312e-08  1.09149e-08  3.88253e-03  4.42649e-02 -3.73984e-02 -1.51964e-01
56602.5  8.79077331729489e+00  4.19182466145460e+01  6.08038733620197e+01  1.12271e-08  9.11192e-09  3.19210e-03  4.00242e-02 -3.29520e-02 -1.39850e-01
56603.5  8.79077331005565e+00  4.19182465977911e+01  6.07993712387979e+01  1.09993e-08  9.18897e-09  3.07466e-03  4.54117e-02 -3.28900e-02 -1.01397e-01
56604.5  8.79077330869336e+00  4.19182465927328e+01  6.07980122463778e+01  1.13923e-08  9.05687e-09  3.11359e-03  3.22617e-03 -2.84605e-02 -1.31769e-01
56605.5  8.79077333172190e+00  4.19182465893160e+01  6.08031253945082e+01  1.42904e-08  1.17280e-08  4.20436e-03  3.91400e-02 -3.60294e-02 -1.60018e-01
56606.5  8.79077328900519e+00  4.19182466226426e+01  6.07897584382445e+01  1.69370e-08  1.41076e-08  5.09599e-03  3.22902e-02 -1.14240e-02 -1.52112e-01
56607.5  8.79077331591225e+00  4.19182466107390e+01  6.07940549682826e+01  1.38533e-08  1.13829e-08  4.07328e-03  3.52237e-02 -3.02788e-02 -1.48678e-01
56608.5  8.79077326964571e+00  4.19182465997270e+01  6.08038438754156e+01  1.54409e-08  1.24190e-08  4.11342e-03  8.56900e-02 -5.73104e-02 -1.67989e-01
56609.5  8.79077331112066e+00  4.19182466135087e+01  6.07955509200692e+01  1.17122e-08  9.49921e-09  3.41056e-03  1.86158e-02 -1.99650e-02 -1.29655e-01
56610.5  8.79077331005053e+00  4.19182466145351e+01  6.07971896007657e+01  1.27728e-08  1.02654e-08  3.71994e-03  2.61757e-02 -3.38199e-02 -1.55615e-01
56611.5  8.79077333622303e+00  4.19182466190610e+01  6.07935701217502e+01  1.18414e-08  9.60884e-09  3.52062e-03  3.40193e-02 -2.36325e-02 -1.58403e-01
56612.5  8.79077331661195e+00  4.19182465908161e+01  6.07960831476375e+01  1.20575e-08  9.35375e-09  3.14311e-03  4.37280e-02 -4.18235e-02 -1.15202e-01
56613.5  8.79077331631205e+00  4.19182466041923e+01  6.07961900793016e+01  1.09635e-08  8.35174e-09  2.94168e-03  9.55793e-03 -5.89722e-02 -1.21567e-01
56614.5  8.79077329868924e+00  4.19182466035522e+01  6.08084235349670e+01  1.31942e-08  1.08811e-08  3.88103e-03  3.33024e-02 -4.08996e-02 -1.28730e-01
56615.5  8.79077332358553e+00  4.19182466180974e+01  6.07990201553330e+01  1.01959e-08  8.51633e-09  2.98400e-03  5.90648e-02 -3.00028e-02 -1.42743e-01
56616.5  8.79077333025097e+00  4.19182465982383e+01  6.08021191693842e+01  1.17889e-08  1.00821e-08  3.46171e-03  1.80401e-02 -7.89304e-03 -1.52643e-01
56617.5  8.79077331453431e+00  4.19182466099791e+01  6.07916542887688e+01  1.79846e-08  1.40878e-08  4.70071e-03  9.78024e-02 -1.01993e-01 -1.98093e-01
56618.5  8.79077331890197e+00  4.19182465978946e+01  6.07978907199576e+01  1.29199e-08  1.02639e-08  3.66213e-03  3.30540e-02 -3.29593e-02 -1.28061e-01
56619.5  8.79077332912703e+00  4.19182466119851e+01  6.07999194040895e+01  1.12029e-08  8.67328e-09  2.99691e-03  3.87182e-02 -7.52763e-02 -1.13946e-01
56620.5  8.79077331160799e+00  4.19182466082006e+01  6.07978949248791e+01  1.19662e-08  1.00916e-08  3.11423e-03 -1.45091e-01 -3.21913e-02 -9.11832e-02
56621.5  8.79077331283528e+00  4.19182466130677e+01  6.07969260299578e+01  1.06417e-08  8.67041e-09  3.13016e-03  3.84040e-02 -3.59411e-02 -1.39081e-01
56622.5  8.79077331757687e+00  4.19182465953332e+01  6.07958660302684e+01  1.01571e-08  7.90608e-09  2.77200e-03 -1.50943e-02 -4.66384e-02 -1.26508e-01
56623.5  8.79077333363836e+00  4.19182466027945e+01  6.07896654782817e+01  1.11705e-08  8.96330e-09  2.95245e-03 -4.00426e-03 -2.99232e-02 -9.72706e-02
56624.5  8.79077330010935e+00  4.19182466097138e+01  6.07934311963618e+01  1.03424e-08  8.45775e-09  2.89498e-03  2.38349e-02  2.97489e-03 -1.08509e-01
56625.5  8.79077331887747e+00  4.19182465994831e+01  6.07945945542306e+01  9.96687e-09  7.98016e-09  2.78155e-03  2.88323e-02 -2.02477e-03 -1.08938e-01
56626.5  8.79077333584208e+00  4.19182465915945e+01  6.07995895203203e+01  1.05167e-08  8.49299e-09  3.03522e-03  3.20104e-02 -1.71649e-02 -1.36792e-01
56627.5  8.79077331164429e+00  4.19182466080957e+01  6.07983411019668e+01  1.04288e-08  8.21379e-09  2.86441e-03 -2.30818e-02 -1.27680e-02 -8.75098e-02
56628.5  8.79077329425094e+00  4.19182465940756e+01  6.07997441841289e+01  1.54661e-08  1.26334e-08  3.95334e-03 -1.80879e-01  2.64017e-02 -1.19708e-01
56629.5  8.79077330676608e+00  4.19182466249190e+01  6.07994854860008e+01  1.09880e-08  8.56472e-09  3.00446e-03  3.35250e-03  1.09326e-02 -7.38981e-02
56630.5  8.79077332829922e+00  4.19182466169629e+01  6.07979145776480e+01  1.07036e-08  8.53777e-09  2.88574e-03  1.47912e-02 -2.66266e-02 -6.88843e-02
56631.5  8.79077333238656e+00  4.19182466171702e+01  6.07976781046018e+01  1.12945e-08  8.69125e-09  3.03962e-03  1.55512e-02 -5.00593e-02 -8.93843e-02
56632.5  8.79077334109973e+00  4.19182466230368e+01  6.07999667515978e+01  1.14305e-08  9.03623e-09  3.15537e-03  3.51472e-02 -3.27103e-02 -9.50429e-02
56633.5  8.79077334209721e+00  4.19182466075851e+01  6.07993797389790e+01  1.04898e-08  8.53693e-09  2.89521e-03  2.41934e-02 -2.07961e-02 -9.33957e-02
56634.5  8.79077334334459e+00  4.19182466208979e+01  6.07952185673639e+01  1.05483e-08  8.30417e-09  2.89805e-03  3.47806e-02 -3.45006e-02 -1.10497e-01
56635.5  8.79077333937659e+00  4.19182466204712e+01  6.07943610791117e+01  1.37352e-08  1.09670e-08  3.15809e-03 -4.51414e-02 -6.21494e-02 -1.40014e-01
56636.5  8.79077334313250e+00  4.19182466427625e+01  6.07922010766342e+01  1.21143e-08  9.62872e-09  3.33334e-03  2.40875e-02 -2.79139e-02 -1.42332e-01
56637.5  8.79077331863900e+00  4.19182466351379e+01  6.07927351556718e+01  1.21177e-08  9.48578e-09  3.22124e-03  1.06233e-02  1.53792e-02 -1.23607e-01
56638.5  8.79077333245695e+00  4.19182466315427e+01  6.07899139132351e+01  1.18236e-08  9.41216e-09  3.22564e-03  4.25583e-03 -1.24183e-02 -1.34742e-01
56639.5  8.79077334309355e+00  4.19182466156600e+01  6.07950032558292e+01  1.19051e-08  9.99336e-09  3.03715e-03 -2.41066e-02 -8.06189e-02 -1.01410e-01
56640.5  8.79077334893150e+00  4.19182466118018e+01  6.07931955661625e+01  1.13254e-08  8.77183e-09  3.10094e-03  7.42637e-03 -2.69828e-02 -1.76301e-01
56641.5  8.79077334636334e+00  4.19182466183842e+01  6.07925893478096e+01  1.02442e-08  8.18054e-09  2.82588e-03  1.24386e-02 -2.75613e-02 -1.59625e-01
56642.5  8.79077333742406e+00  4.19182466230596e+01  6.07935140617192e+01  1.02329e-08  8.22033e-09  2.82122e-03  2.57889e-02 -4.50801e-02 -1.41573e-01
56643.5  8.79077333658612e+00  4.19182466104485e+01  6.07956859283149e+01  1.22042e-08  9.57877e-09  3.27329e-03  6.37475e-03 -4.09941e-02 -1.67871e-01
56644.5  8.79077335756061e+00  4.19182466276679e+01  6.07980115301907e+01  1.07929e-08  8.59401e-09  2.99664e-03 -3.99662e-03 -1.33553e-02 -1.39567e-01
56645.5  8.79077334182039e+00  4.19182466316364e+01  6.08031076248735e+01  1.11333e-08  9.01716e-09  3.19004e-03  2.70302e-02 -2.68864e-02 -1.28932e-01
56646.5  8.79077335490373e+00  4.19182466235525e+01  6.07957204654813e+01  1.17362e-08  9.12567e-09  3.15072e-03  3.70325e-02 -6.03749e-02 -9.86248e-02
56647.5  8.79077334205737e+00  4.19182466258446e+01  6.07935478966683e+01  1.22571e-08  9.83959e-09  3.35524e-03  1.82767e-02 -6.95604e-02 -1.11671e-01
56648.5  8.79077332359814e+00  4.19182466285916e+01  6.07945886626840e+01  1.20795e-08  9.84988e-09  3.22009e-03  2.57148e-02 -8.19858e-02 -8.89196e-02
56649.5  8.79077333849483e+00  4.19182466168209e+01  6.07998081510887e+01  1.30652e-08  1.06383e-08  3.50333e-03  5.22836e-02 -1.12073e-01 -1.38057e-01
56650.5  8.79077334673173e+00  4.19182465992943e+01  6.08011402282864e+01  1.33464e-08  1.08586e-08  3.68284e-03  3.75047e-02 -1.03549e-01 -1.41365e-01
56651.5  8.79077332036386e+00  4.19182466149174e+01  6.08085088972002e+01  1.32742e-08  1.02451e-08  3.68507e-03  9.13118e-02 -8.56752e-02 -1.53641e-01
56652.5  8.79077331357184e+00  4.19182466266814e+01  6.07934928108007e+01  1.43367e-08  1.07289e-08  3.84805e-03  5.48927e-02 -6.31658e-02 -1.22723e-01
56653.5  8.79077333514961e+00  4.19182466185376e+01  6.07988619282842e+01  1.31351e-08  1.09643e-08  3.57572e-03  3.14371e-02 -9.76947e-02 -1.37672e-01
56654.5  8.79077332438626e+00  4.19182466335920e+01  6.07960889935493e+01  1.27238e-08  1.01503e-08  3.43495e-03  3.68247e-02 -4.81080e-02 -1.30309e-01
56655.5  8.79077334675214e+00  4.19182466264841e+01  6.07911779228598e+01  1.16585e-08  9.20389e-09  3.18645e-03  4.22325e-02 -6.88979e-02 -1.46291e-01
56656.5  8.79077333673345e+00  4.19182466331224e+01  6.07886859495193e+01  1.17760e-08  9.02312e-09  2.96490e-03  7.40700e-02 -1.03626e-01 -1.60387e-01
